KB MULADD LAT NB MU NU KU FFTCH IFTCH NFTCH GEN-MFLOP SPC-MFLOP
120 1 2 120 6 6 1 1 36 1 -3095.99 -3033.38
119 1 2 120 6 6 1 1 36 1 -3085.90 -3033.38
118 1 2 120 6 6 1 1 36 1 -3083.57 -3033.38
117 1 2 120 6 6 1 1 36 1 -3090.28 -3033.38
116 1 2 120 6 6 1 1 36 1 -3068.72 -3033.38
115 1 2 120 6 6 1 1 36 1 -3081.33 -3033.38
114 1 2 120 6 6 1 1 36 1 -3087.41 -3033.38
113 1 2 120 6 6 1 1 36 1 -3080.76 -3033.38
112 1 2 120 6 6 1 1 36 1 -3146.79 -3033.38
111 1 2 120 6 6 1 1 36 1 -3076.64 -3033.38
110 1 2 120 6 6 1 1 36 1 -3076.68 -3033.38
109 1 2 120 6 6 1 1 36 1 -3088.78 -3033.38
0 1 2 120 6 6 1 1 36 1 -3053.39 -3033.38
