KB MULADD LAT PREF NB MU NU KU FFTCH IFTCH NFTCH GEN-MFLOP SPC-MFLOP
72 1 7 0 72 4 2 72 1 2 2 -4669.21 -3660.04
71 1 7 0 72 4 2 71 1 2 2 -4648.13 -3256.53
70 1 7 0 72 4 2 70 1 2 2 -4657.56 -3256.53
69 1 7 0 72 4 2 69 1 2 2 -4661.77 -3256.53
68 1 7 0 72 4 2 68 1 2 2 -4627.86 -3284.97
67 1 7 0 72 4 2 67 1 2 2 -4678.39 -3309.53
66 1 7 0 72 4 2 66 1 2 2 -4669.80 -3359.59
65 1 7 0 72 4 2 65 1 2 2 -4649.32 -3397.45
64 1 7 0 72 4 2 64 1 2 2 -4648.09 -3434.40
63 1 7 0 72 4 2 63 1 2 2 -4630.69 -3486.38
62 1 7 0 72 4 2 62 1 2 2 -4646.64 -3508.97
61 1 7 0 72 4 2 61 1 2 2 -4669.85 -3519.29
60 1 7 0 72 4 2 60 1 2 2 -4660.24 -3586.15
59 1 7 0 72 4 2 59 1 2 2 -4602.54 -3256.53
58 1 7 0 72 4 2 58 1 2 2 -4574.47 -3256.53
57 1 7 0 72 4 2 57 1 2 2 -4582.30 -3256.53
56 1 7 0 72 4 2 56 1 2 2 -4602.41 -3256.53
55 1 7 0 72 4 2 55 1 2 2 -4568.27 -3256.53
54 1 7 0 72 4 2 54 1 2 2 -4634.42 -3262.41
53 1 7 0 72 4 2 53 1 2 2 -4570.49 -3287.70
52 1 7 0 72 4 2 52 1 2 2 -4551.19 -3362.34
51 1 7 0 72 4 2 51 1 2 2 -4597.65 -3386.71
50 1 7 0 72 4 2 50 1 2 2 -4553.08 -3433.99
49 1 7 0 72 4 2 49 1 2 2 -4554.65 -3421.19
48 1 7 0 72 4 2 48 1 2 2 -4518.83 -3507.27
47 1 7 0 72 4 2 47 1 2 2 -4551.02 -3256.53
46 1 7 0 72 4 2 46 1 2 2 -4530.95 -3256.53
45 1 7 0 72 4 2 45 1 2 2 -4518.09 -3256.53
44 1 7 0 72 4 2 44 1 2 2 -4512.48 -3256.53
43 1 7 0 72 4 2 43 1 2 2 -4496.76 -3256.53
42 1 7 0 72 4 2 42 1 2 2 -4487.61 -3256.53
41 1 7 0 72 4 2 41 1 2 2 -4563.06 -3256.53
40 1 7 0 72 4 2 40 1 2 2 -4521.19 -3256.53
39 1 7 0 72 4 2 39 1 2 2 -4477.40 -3264.19
38 1 7 0 72 4 2 38 1 2 2 -4430.23 -3302.80
37 1 7 0 72 4 2 37 1 2 2 -4522.79 -3296.29
36 1 7 0 72 4 2 36 1 2 2 -4444.31 -3401.69
35 1 7 0 72 4 2 35 1 2 2 -4515.35 -3256.53
34 1 7 0 72 4 2 34 1 2 2 -4413.77 -3256.53
33 1 7 0 72 4 2 33 1 2 2 -4424.80 -3256.53
32 1 7 0 72 4 2 32 1 2 2 -4397.04 -3256.53
31 1 7 0 72 4 2 31 1 2 2 -4429.69 -3256.53
30 1 7 0 72 4 2 30 1 2 2 -4399.80 -3256.53
29 1 7 0 72 4 2 29 1 2 2 -4366.09 -3256.53
28 1 7 0 72 4 2 28 1 2 2 -4327.21 -3256.53
27 1 7 0 72 4 2 27 1 2 2 -4326.06 -3256.53
26 1 7 0 72 4 2 26 1 2 2 -4251.60 -3256.53
25 1 7 0 72 4 2 25 1 2 2 -4264.52 -3256.53
24 1 7 0 72 4 2 24 1 2 2 -4320.55 -3256.53
23 1 7 0 72 4 2 23 1 2 2 -4220.56 -3256.53
22 1 7 0 72 4 2 22 1 2 2 -4174.74 -3256.53
21 1 7 0 72 4 2 21 1 2 2 -4159.33 -3256.53
20 1 7 0 72 4 2 20 1 2 2 -4196.82 -3256.53
19 1 7 0 72 4 2 19 1 2 2 -4107.11 -3256.53
18 1 7 0 72 4 2 18 1 2 2 -4137.45 -3256.53
17 1 7 0 72 4 2 17 1 2 2 -4063.02 -3256.53
16 1 7 0 72 4 2 16 1 2 2 -3938.35 -3256.53
15 1 7 0 72 4 2 15 1 2 2 -4038.03 -3256.53
14 1 7 0 72 4 2 14 1 2 2 -3866.41 -3256.53
13 1 7 0 72 4 2 13 1 2 2 -3849.97 -3256.53
12 1 7 0 72 4 2 12 1 2 2 -3785.30 -3256.53
11 1 7 0 72 4 2 11 1 2 2 -3743.28 -3256.53
10 1 7 0 72 4 2 10 1 2 2 -3570.28 -3256.53
9 1 7 0 72 4 2 9 1 2 2 -3491.12 -3256.53
8 1 7 0 72 4 2 8 1 2 2 -3368.27 -3256.53
0 1 7 0 72 4 2 1 1 2 2 -3153.81 -3256.53
