KB MULADD LAT PREF NB MU NU KU FFTCH IFTCH NFTCH GEN-MFLOP SPC-MFLOP
36 1 8 513 36 9 1 36 1 9 1 -4555.41 -4122.85
35 1 8 513 36 9 1 35 1 9 1 -4590.40 -4122.85
34 1 8 513 36 9 1 34 1 9 1 -4600.64 -4122.85
33 1 8 513 36 9 1 33 1 9 1 -4533.86 -4122.85
32 1 8 513 36 9 1 32 1 9 1 -4590.81 -4122.85
31 1 8 513 36 9 1 31 1 9 1 -4603.96 -4122.85
30 1 8 513 36 9 1 30 1 9 1 -4533.51 -4122.85
29 1 8 513 36 9 1 29 1 9 1 -4542.49 -4122.85
28 1 8 513 36 9 1 28 1 9 1 -4544.18 -4122.85
27 1 8 513 36 9 1 27 1 9 1 -4543.67 -4122.85
26 1 8 513 36 9 1 26 1 9 1 -4563.64 -4122.85
25 1 8 513 36 9 1 25 1 9 1 -4528.25 -4122.85
24 1 8 513 36 9 1 24 1 9 1 -4526.22 -4122.85
23 1 8 513 36 9 1 23 1 9 1 -4481.05 -4122.85
22 1 8 513 36 9 1 22 1 9 1 -4471.56 -4122.85
21 1 8 513 36 9 1 21 1 9 1 -4457.95 -4122.85
20 1 8 513 36 9 1 20 1 9 1 -4457.45 -4122.85
19 1 8 513 36 9 1 19 1 9 1 -4440.34 -4122.85
18 1 8 513 36 9 1 18 1 9 1 -4394.15 -4122.85
17 1 8 513 36 9 1 17 1 9 1 -4409.08 -4122.85
16 1 8 513 36 9 1 16 1 9 1 -4365.73 -4122.85
15 1 8 513 36 9 1 15 1 9 1 -4362.07 -4122.85
14 1 8 513 36 9 1 14 1 9 1 -4358.99 -4122.85
13 1 8 513 36 9 1 13 1 9 1 -4296.08 -4122.85
12 1 8 513 36 9 1 12 1 9 1 -4275.67 -4122.85
11 1 8 513 36 9 1 11 1 9 1 -4195.25 -4122.85
0 1 8 513 36 9 1 1 1 9 1 -4140.80 -4122.85
