KB MULADD LAT NB MU NU KU FFTCH IFTCH NFTCH GEN-MFLOP SPC-MFLOP
60 0 5 60 2 1 60 0 2 1 -786.11 -689.45
59 0 5 60 2 1 59 0 2 1 -789.77 -692.27
58 0 5 60 2 1 58 0 2 1 -786.25 -689.58
57 0 5 60 2 1 57 0 2 1 -786.51 -689.80
56 0 5 60 2 1 56 0 2 1 -786.27 -686.78
55 0 5 60 2 1 55 0 2 1 -789.77 -686.64
54 0 5 60 2 1 54 0 2 1 -789.65 -689.35
53 0 5 60 2 1 53 0 2 1 -797.60 -686.90
52 0 5 60 2 1 52 0 2 1 -789.93 -686.78
51 0 5 60 2 1 51 0 2 1 -789.74 -683.80
50 0 5 60 2 1 50 0 2 1 -786.31 -686.81
49 0 5 60 2 1 49 0 2 1 -786.42 -681.34
48 0 5 60 2 1 48 0 2 1 -782.70 -681.29
47 0 5 60 2 1 47 0 2 1 -786.10 -683.82
46 0 5 60 2 1 46 0 2 1 -786.09 -686.62
45 0 5 60 2 1 45 0 2 1 -789.92 -683.96
44 0 5 60 2 1 44 0 2 1 -789.77 -681.08
43 0 5 60 2 1 43 0 2 1 -782.82 -678.65
42 0 5 60 2 1 42 0 2 1 -782.76 -673.16
41 0 5 60 2 1 41 0 2 1 -786.42 -675.76
40 0 5 60 2 1 40 0 2 1 -779.20 -675.93
39 0 5 60 2 1 39 0 2 1 -782.49 -678.36
38 0 5 60 2 1 38 0 2 1 -779.00 -678.51
37 0 5 60 2 1 37 0 2 1 -782.51 -675.63
36 0 5 60 2 1 36 0 2 1 -782.70 -675.79
35 0 5 60 2 1 35 0 2 1 -779.10 -675.85
34 0 5 60 2 1 34 0 2 1 -778.94 -665.04
33 0 5 60 2 1 33 0 2 1 -772.01 -647.30
32 0 5 60 2 1 32 0 2 1 -772.08 -673.25
31 0 5 60 2 1 31 0 2 1 -779.03 -665.12
30 0 5 60 2 1 30 0 2 1 -782.76 -670.48
29 0 5 60 2 1 29 0 2 1 -778.94 -670.34
28 0 5 60 2 1 28 0 2 1 -775.40 -670.36
27 0 5 60 2 1 27 0 2 1 -771.84 -665.05
26 0 5 60 2 1 26 0 2 1 -775.40 -662.44
25 0 5 60 2 1 25 0 2 1 -771.89 -662.48
24 0 5 60 2 1 24 0 2 1 -768.37 -654.78
23 0 5 60 2 1 23 0 2 1 -771.90 -642.26
22 0 5 60 2 1 22 0 2 1 -771.91 -652.20
21 0 5 60 2 1 21 0 2 1 -764.97 -647.27
20 0 5 60 2 1 20 0 2 1 -761.60 -642.41
19 0 5 60 2 1 19 0 2 1 -758.13 -632.74
18 0 5 60 2 1 18 0 2 1 -757.98 -637.40
17 0 5 60 2 1 17 0 2 1 -754.68 -627.96
16 0 5 60 2 1 16 0 2 1 -751.40 -625.69
15 0 5 60 2 1 15 0 2 1 -747.94 -614.20
14 0 5 60 2 1 14 0 2 1 -751.31 -618.71
13 0 5 60 2 1 13 0 2 1 -738.09 -601.03
12 0 5 60 2 1 12 0 2 1 -741.43 -592.62
11 0 5 60 2 1 11 0 2 1 -728.54 -576.36
10 0 5 60 2 1 10 0 2 1 -722.38 -570.55
9 0 5 60 2 1 9 0 2 1 -670.51 -553.60
8 0 5 60 2 1 8 0 2 1 -670.57 -562.91
7 0 5 60 2 1 7 0 2 1 -675.91 -524.30
6 0 5 60 2 1 6 0 2 1 -662.61 -514.67
5 0 5 60 2 1 5 0 2 1 -649.85 -474.11
4 0 5 60 2 1 4 0 2 1 -635.14 -417.64
3 0 5 60 2 1 3 0 2 1 -603.24 -346.31
2 0 5 60 2 1 2 0 2 1 -544.68 -291.04
1 0 5 60 2 1 1 0 2 1 -374.86 -291.04
0 0 2 60 2 1 1 0 2 1 -374.86 -291.04
