KB MULADD LAT PREF NB MU NU KU FFTCH IFTCH NFTCH GEN-MFLOP SPC-MFLOP
40 1 4 0 40 4 4 1 1 7 1 -97.71 -92.73
39 1 4 0 40 4 4 1 1 7 1 -97.45 -92.73
38 1 4 0 40 4 4 1 1 7 1 -98.17 -92.73
37 1 4 0 40 4 4 1 1 7 1 -96.27 -92.73
36 1 4 0 40 4 4 1 1 7 1 -97.28 -92.73
35 1 4 0 40 4 4 1 1 7 1 -97.01 -92.73
34 1 4 0 40 4 4 1 1 7 1 -96.34 -92.73
33 1 4 0 40 4 4 1 1 7 1 -95.90 -92.73
32 1 4 0 40 4 4 1 1 7 1 -96.91 -92.73
31 1 4 0 40 4 4 1 1 7 1 -96.17 -92.73
30 1 4 0 40 4 4 1 1 7 1 -96.75 -92.73
29 1 4 0 40 4 4 1 1 7 1 -95.55 -92.73
28 1 4 0 40 4 4 1 1 7 1 -96.06 -92.73
27 1 4 0 40 4 4 1 1 7 1 -95.68 -92.73
26 1 4 0 40 4 4 1 1 7 1 -95.49 -92.73
25 1 4 0 40 4 4 1 1 7 1 -94.49 -92.73
24 1 4 0 40 4 4 1 1 7 1 -94.37 -92.73
23 1 4 0 40 4 4 1 1 7 1 -94.02 -92.73
22 1 4 0 40 4 4 1 1 7 1 -93.68 -92.73
0 1 4 0 40 4 4 1 1 7 1 -92.73 -92.73
