KB MULADD LAT PREF NB MU NU KU FFTCH IFTCH NFTCH GEN-MFLOP SPC-MFLOP
60 1 4 0 60 6 1 60 1 4 1 -7225.08 -7002.39
59 1 4 0 60 6 1 59 1 4 1 -7195.34 -6949.60
58 1 4 0 60 6 1 58 1 4 1 -7223.73 -6971.97
57 1 4 0 60 6 1 57 1 4 1 -7227.52 -6967.68
56 1 4 0 60 6 1 56 1 4 1 -7199.38 -6940.77
55 1 4 0 60 6 1 55 1 4 1 -7240.02 -6958.40
54 1 4 0 60 6 1 54 1 4 1 -7249.23 -6990.61
53 1 4 0 60 6 1 53 1 4 1 -7255.69 -6891.92
52 1 4 0 60 6 1 52 1 4 1 -7279.15 -6979.07
51 1 4 0 60 6 1 51 1 4 1 -7269.70 -6838.59
50 1 4 0 60 6 1 50 1 4 1 -7280.21 -6868.03
49 1 4 0 60 6 1 49 1 4 1 -7274.54 -6833.06
48 1 4 0 60 6 1 48 1 4 1 -7271.36 -6829.66
47 1 4 0 60 6 1 47 1 4 1 -7267.68 -7000.75
46 1 4 0 60 6 1 46 1 4 1 -7271.31 -7002.60
45 1 4 0 60 6 1 45 1 4 1 -7253.44 -6956.79
44 1 4 0 60 6 1 44 1 4 1 -7240.50 -6958.02
43 1 4 0 60 6 1 43 1 4 1 -7236.24 -6844.37
42 1 4 0 60 6 1 42 1 4 1 -7241.70 -6861.11
41 1 4 0 60 6 1 41 1 4 1 -7227.55 -6856.73
40 1 4 0 60 6 1 40 1 4 1 -7223.87 -6879.37
39 1 4 0 60 6 1 39 1 4 1 -7212.10 -6796.00
38 1 4 0 60 6 1 38 1 4 1 -7219.67 -6851.45
37 1 4 0 60 6 1 37 1 4 1 -7198.36 -6705.38
36 1 4 0 60 6 1 36 1 4 1 -7195.75 -6703.50
35 1 4 0 60 6 1 35 1 4 1 -7201.79 -6638.44
34 1 4 0 60 6 1 34 1 4 1 -7176.29 -6651.71
33 1 4 0 60 6 1 33 1 4 1 -7170.47 -6577.15
32 1 4 0 60 6 1 32 1 4 1 -7099.10 -6457.79
31 1 4 0 60 6 1 31 1 4 1 -7193.78 -6743.06
30 1 4 0 60 6 1 30 1 4 1 -7135.95 -6764.36
29 1 4 0 60 6 1 29 1 4 1 -7144.77 -6738.01
28 1 4 0 60 6 1 28 1 4 1 -7123.80 -6710.09
27 1 4 0 60 6 1 27 1 4 1 -7094.14 -6604.54
26 1 4 0 60 6 1 26 1 4 1 -7049.31 -6562.20
25 1 4 0 60 6 1 25 1 4 1 -7060.02 -6521.66
24 1 4 0 60 6 1 24 1 4 1 -7055.64 -6468.42
23 1 4 0 60 6 1 23 1 4 1 -7007.86 -6387.76
22 1 4 0 60 6 1 22 1 4 1 -6959.29 -6316.60
21 1 4 0 60 6 1 21 1 4 1 -6997.14 -6250.31
20 1 4 0 60 6 1 20 1 4 1 -6939.76 -6230.91
19 1 4 0 60 6 1 19 1 4 1 -6937.17 -6163.63
18 1 4 0 60 6 1 18 1 4 1 -6839.56 -5962.19
17 1 4 0 60 6 1 17 1 4 1 -6822.90 -5934.27
16 1 4 0 60 6 1 16 1 4 1 -6721.85 -5813.85
15 1 4 0 60 6 1 15 1 4 1 -6749.44 -5745.29
14 1 4 0 60 6 1 14 1 4 1 -6684.10 -5598.58
13 1 4 0 60 6 1 13 1 4 1 -6602.34 -5517.14
12 1 4 0 60 6 1 12 1 4 1 -6534.09 -5335.97
11 1 4 0 60 6 1 11 1 4 1 -6383.94 -5187.37
10 1 4 0 60 6 1 10 1 4 1 -6279.85 -4883.91
9 1 4 0 60 6 1 9 1 4 1 -6181.26 -4697.55
8 1 4 0 60 6 1 8 1 4 1 -5942.01 -4472.22
7 1 4 0 60 6 1 7 1 4 1 -5691.40 -4261.85
6 1 4 0 60 6 1 6 1 4 1 -5388.54 -3907.99
5 1 4 0 60 6 1 5 1 4 1 -5027.02 -3393.26
4 1 4 0 60 6 1 4 1 4 1 -5062.41 -3089.05
3 1 4 0 60 6 1 3 1 4 1 -4428.51 -3089.05
2 1 4 0 60 6 1 2 1 4 1 -3842.65 -3089.05
0 1 4 0 60 6 1 1 1 4 1 -2545.84 -3089.05
