KB MULADD LAT PREF NB MU NU KU FFTCH IFTCH NFTCH GEN-MFLOP SPC-MFLOP
36 0 4 0 36 6 1 36 0 4 1 -6516.21 -4934.79
35 0 4 0 36 6 1 35 0 4 1 -6499.20 -4948.77
34 0 4 0 36 6 1 34 0 4 1 -6622.69 -4907.66
33 0 4 0 36 6 1 33 0 4 1 -6426.01 -4864.41
32 0 4 0 36 6 1 32 0 4 1 -6285.70 -4801.77
31 0 4 0 36 6 1 31 0 4 1 -6350.67 -4785.15
30 0 4 0 36 6 1 30 0 4 1 -6544.82 -4589.32
29 0 4 0 36 6 1 29 0 4 1 -6515.20 -4686.95
28 0 4 0 36 6 1 28 0 4 1 -6516.07 -4566.03
27 0 4 0 36 6 1 27 0 4 1 -6503.55 -4568.19
26 0 4 0 36 6 1 26 0 4 1 -6415.23 -4388.87
25 0 4 0 36 6 1 25 0 4 1 -6516.07 -4442.73
24 0 4 0 36 6 1 24 0 4 1 -6494.46 -4365.63
23 0 4 0 36 6 1 23 0 4 1 -6446.04 -4296.85
22 0 4 0 36 6 1 22 0 4 1 -6295.44 -4345.26
21 0 4 0 36 6 1 21 0 4 1 -6408.73 -4477.51
20 0 4 0 36 6 1 20 0 4 1 -6362.41 -4393.93
19 0 4 0 36 6 1 19 0 4 1 -6343.31 -4827.24
18 0 4 0 36 6 1 18 0 4 1 -6216.74 -4470.40
17 0 4 0 36 6 1 17 0 4 1 -6276.17 -4669.90
16 0 4 0 36 6 1 16 0 4 1 -6241.54 -4237.26
15 0 4 0 36 6 1 15 0 4 1 -6037.89 -4452.24
14 0 4 0 36 6 1 14 0 4 1 -6169.84 -4036.79
13 0 4 0 36 6 1 13 0 4 1 -5753.90 -4131.39
12 0 4 0 36 6 1 12 0 4 1 -6023.25 -3426.02
11 0 4 0 36 6 1 11 0 4 1 -5770.80 -3214.45
10 0 4 0 36 6 1 10 0 4 1 -5753.85 -3179.98
9 0 4 0 36 6 1 9 0 4 1 -5623.18 -2965.15
8 0 4 0 36 6 1 8 0 4 1 -5573.35 -2838.46
7 0 4 0 36 6 1 7 0 4 1 -5248.69 -2837.05
6 0 4 0 36 6 1 6 0 4 1 -5101.69 -2444.45
5 0 4 0 36 6 1 5 0 4 1 -4757.34 -2447.54
4 0 4 0 36 6 1 4 0 4 1 -4878.60 -2241.03
3 0 4 0 36 6 1 3 0 4 1 -4312.07 -1822.49
2 0 4 0 36 6 1 2 0 4 1 -3805.06 -1523.47
1 0 4 0 36 6 1 1 0 4 1 -2722.35 -1523.47
0 0 3 0 36 6 1 1 0 4 1 -2722.35 -1523.47
