 KB  MULADD  LAT  NB  MU  NU  KU  FFTCH  IFTCH  NFTCH  GEN-MFLOP  SPC-MFLOP
 20       1    4  20   4   4   1      1      5      2    -112.88    -108.50
 19       1    4  20   4   4   1      1      5      2    -115.55    -108.50
 18       1    4  20   4   4   1      1      5      2    -116.03    -108.50
 17       1    4  20   4   4   1      1      5      2    -112.93    -108.50
 16       1    4  20   4   4   1      1      5      2    -117.11    -108.50
 15       1    4  20   4   4   1      1      5      2    -115.54    -108.50
 14       1    4  20   4   4   1      1      5      2    -109.74    -108.50
 13       1    4  20   4   4   1      1      5      2    -118.24    -108.50
 12       1    4  20   4   4   1      1      5      2    -117.13    -108.50
 11       1    4  20   4   4   1      1      5      2    -115.00    -108.50
 10       1    4  20   4   4   1      1      5      2    -116.05    -108.50
  9       1    4  20   4   4   1      1      5      2    -110.46    -108.50
  0       1    4  20   4   4   1      1      5      2    -107.16    -108.50
