KB MULADD LAT PREF NB MU NU KU FFTCH IFTCH NFTCH GEN-MFLOP SPC-MFLOP
80 1 12 1 80 5 4 80 0 9 1 -3204.61 -2867.16
79 1 12 1 80 5 4 79 0 9 1 -3124.41 -2867.16
78 1 12 1 80 5 4 78 0 9 1 -3173.01 -2867.16
77 1 12 1 80 5 4 77 0 9 1 -3168.01 -2867.16
76 1 12 1 80 5 4 76 0 9 1 -3172.66 -2867.16
75 1 12 1 80 5 4 75 0 9 1 -3175.18 -2867.16
74 1 12 1 80 5 4 74 0 9 1 -3116.06 -2867.16
73 1 12 1 80 5 4 73 0 9 1 -3165.14 -2867.16
72 1 12 1 80 5 4 72 0 9 1 -3122.76 -2867.16
71 1 12 1 80 5 4 71 0 9 1 -3171.21 -2867.16
70 1 12 1 80 5 4 70 0 9 1 -3179.20 -2867.16
69 1 12 1 80 5 4 69 0 9 1 -3169.45 -2867.16
68 1 12 1 80 5 4 68 0 9 1 -3164.98 -2867.16
67 1 12 1 80 5 4 67 0 9 1 -3052.85 -2867.16
66 1 12 1 80 5 4 66 0 9 1 -3164.70 -2867.16
65 1 12 1 80 5 4 65 0 9 1 -3051.52 -2867.16
64 1 12 1 80 5 4 64 0 9 1 -3182.46 -2867.16
63 1 12 1 80 5 4 63 0 9 1 -3157.92 -2867.16
62 1 12 1 80 5 4 62 0 9 1 -3177.63 -2867.16
61 1 12 1 80 5 4 61 0 9 1 -3174.03 -2867.16
60 1 12 1 80 5 4 60 0 9 1 -3143.28 -2867.16
59 1 12 1 80 5 4 59 0 9 1 -3129.61 -2867.16
58 1 12 1 80 5 4 58 0 9 1 -3178.81 -2867.16
57 1 12 1 80 5 4 57 0 9 1 -3082.42 -2867.16
56 1 12 1 80 5 4 56 0 9 1 -3162.19 -2867.16
55 1 12 1 80 5 4 55 0 9 1 -3150.92 -2867.16
54 1 12 1 80 5 4 54 0 9 1 -3190.48 -2867.16
53 1 12 1 80 5 4 53 0 9 1 -3065.63 -2867.16
52 1 12 1 80 5 4 52 0 9 1 -3070.40 -2867.16
51 1 12 1 80 5 4 51 0 9 1 -3180.42 -2867.16
50 1 12 1 80 5 4 50 0 9 1 -3148.41 -2867.16
49 1 12 1 80 5 4 49 0 9 1 -3134.29 -2867.16
48 1 12 1 80 5 4 48 0 9 1 -3192.54 -2867.16
47 1 12 1 80 5 4 47 0 9 1 -3165.78 -2867.16
46 1 12 1 80 5 4 46 0 9 1 -3177.03 -2867.16
45 1 12 1 80 5 4 45 0 9 1 -3159.18 -2867.16
44 1 12 1 80 5 4 44 0 9 1 -3165.17 -2867.16
43 1 12 1 80 5 4 43 0 9 1 -3154.30 -2867.16
42 1 12 1 80 5 4 42 0 9 1 -3164.13 -2867.16
41 1 12 1 80 5 4 41 0 9 1 -3138.16 -2867.16
40 1 12 1 80 5 4 40 0 9 1 -3150.60 -2867.16
39 1 12 1 80 5 4 39 0 9 1 -3131.99 -2867.16
38 1 12 1 80 5 4 38 0 9 1 -3148.85 -2867.16
37 1 12 1 80 5 4 37 0 9 1 -3121.45 -2867.16
36 1 12 1 80 5 4 36 0 9 1 -3075.30 -2867.16
35 1 12 1 80 5 4 35 0 9 1 -3108.15 -2867.16
34 1 12 1 80 5 4 34 0 9 1 -3122.45 -2867.16
33 1 12 1 80 5 4 33 0 9 1 -3052.51 -2867.16
32 1 12 1 80 5 4 32 0 9 1 -3088.27 -2867.16
31 1 12 1 80 5 4 31 0 9 1 -3069.48 -2867.16
30 1 12 1 80 5 4 30 0 9 1 -3113.54 -2867.16
29 1 12 1 80 5 4 29 0 9 1 -3009.70 -2867.16
28 1 12 1 80 5 4 28 0 9 1 -3084.35 -2867.16
27 1 12 1 80 5 4 27 0 9 1 -3025.08 -2867.16
26 1 12 1 80 5 4 26 0 9 1 -3028.83 -2867.16
25 1 12 1 80 5 4 25 0 9 1 -3045.51 -2867.16
24 1 12 1 80 5 4 24 0 9 1 -3032.97 -2867.16
23 1 12 1 80 5 4 23 0 9 1 -2903.61 -2867.16
22 1 12 1 80 5 4 22 0 9 1 -3012.52 -2867.16
21 1 12 1 80 5 4 21 0 9 1 -2953.01 -2867.16
20 1 12 1 80 5 4 20 0 9 1 -2917.08 -2867.16
19 1 12 1 80 5 4 19 0 9 1 -2903.88 -2867.16
18 1 12 1 80 5 4 18 0 9 1 -2950.72 -2867.16
17 1 12 1 80 5 4 17 0 9 1 -2896.34 -2867.16
16 1 12 1 80 5 4 16 0 9 1 -2913.25 -2867.16
0 1 12 1 80 5 4 1 0 9 1 -2835.00 -2867.16
