KB MULADD LAT NB MU NU KU FFTCH IFTCH NFTCH GEN-MFLOP SPC-MFLOP
44 0 2 44 1 5 44 1 2 2 -749.46 -523.40
43 0 2 44 1 5 43 1 2 2 -735.99 -536.84
42 0 2 44 1 5 42 1 2 2 -752.59 -526.59
41 0 2 44 1 5 41 1 2 2 -731.05 -534.09
40 0 2 44 1 5 40 1 2 2 -731.92 -523.40
39 0 2 44 1 5 39 1 2 2 -732.54 -532.15
38 0 2 44 1 5 38 1 2 2 -741.83 -523.40
37 0 2 44 1 5 37 1 2 2 -736.46 -531.91
36 0 2 44 1 5 36 1 2 2 -755.02 -523.40
35 0 2 44 1 5 35 1 2 2 -727.92 -523.40
34 0 2 44 1 5 34 1 2 2 -740.37 -523.40
33 0 2 44 1 5 33 1 2 2 -729.57 -524.76
32 0 2 44 1 5 32 1 2 2 -738.89 -523.40
31 0 2 44 1 5 31 1 2 2 -730.08 -527.81
30 0 2 44 1 5 30 1 2 2 -747.17 -523.40
29 0 2 44 1 5 29 1 2 2 -726.18 -523.40
28 0 2 44 1 5 28 1 2 2 -737.05 -523.40
27 0 2 44 1 5 27 1 2 2 -722.39 -523.40
26 0 2 44 1 5 26 1 2 2 -731.37 -523.40
25 0 2 44 1 5 25 1 2 2 -717.08 -523.40
24 0 2 44 1 5 24 1 2 2 -741.93 -523.40
23 0 2 44 1 5 23 1 2 2 -742.86 -523.40
22 0 2 44 1 5 22 1 2 2 -739.82 -523.40
21 0 2 44 1 5 21 1 2 2 -732.48 -533.89
20 0 2 44 1 5 20 1 2 2 -704.61 -523.40
19 0 2 44 1 5 19 1 2 2 -717.42 -523.40
18 0 2 44 1 5 18 1 2 2 -733.21 -523.40
17 0 2 44 1 5 17 1 2 2 -729.91 -523.40
16 0 2 44 1 5 16 1 2 2 -728.84 -523.40
15 0 2 44 1 5 15 1 2 2 -721.16 -523.40
14 0 2 44 1 5 14 1 2 2 -735.60 -523.40
13 0 2 44 1 5 13 1 2 2 -724.34 -523.40
12 0 2 44 1 5 12 1 2 2 -751.22 -523.40
11 0 2 44 1 5 11 1 2 2 -747.01 -523.40
10 0 2 44 1 5 10 1 2 2 -726.67 -523.40
9 0 2 44 1 5 9 1 2 2 -722.21 -523.40
8 0 2 44 1 5 8 1 2 2 -711.73 -523.40
7 0 2 44 1 5 7 1 2 2 -705.73 -523.40
6 0 2 44 1 5 6 1 2 2 -743.24 -523.40
5 0 2 44 1 5 5 1 2 2 -720.81 -523.40
4 0 2 44 1 5 4 1 2 2 -716.78 -523.40
3 0 2 44 1 5 3 1 2 2 -643.18 -523.40
2 0 2 44 1 5 2 1 2 2 -554.13 -523.40
0 0 5 44 1 5 1 1 2 2 -344.88 -523.40
