KB MULADD LAT NB MU NU KU FFTCH IFTCH NFTCH GEN-MFLOP SPC-MFLOP
60 0 2 60 5 1 60 0 2 1 -1036.97 -591.43
59 0 2 60 5 1 59 0 2 1 -1047.34 -592.41
58 0 2 60 5 1 58 0 2 1 -1029.04 -601.01
57 0 2 60 5 1 57 0 2 1 -951.46 -590.02
56 0 2 60 5 1 56 0 2 1 -897.18 -542.48
55 0 2 60 5 1 55 0 2 1 -996.35 -590.70
54 0 2 60 5 1 54 0 2 1 -1018.81 -608.69
53 0 2 60 5 1 53 0 2 1 -1019.37 -590.76
52 0 2 60 5 1 52 0 2 1 -968.54 -572.29
51 0 2 60 5 1 51 0 2 1 -1022.69 -597.91
50 0 2 60 5 1 50 0 2 1 -1022.44 -602.81
49 0 2 60 5 1 49 0 2 1 -967.78 -572.11
48 0 2 60 5 1 48 0 2 1 -910.69 -520.56
47 0 2 60 5 1 47 0 2 1 -990.07 -583.98
46 0 2 60 5 1 46 0 2 1 -992.67 -587.35
45 0 2 60 5 1 45 0 2 1 -1022.57 -597.35
44 0 2 60 5 1 44 0 2 1 -1003.63 -578.38
43 0 2 60 5 1 43 0 2 1 -1053.44 -580.23
42 0 2 60 5 1 42 0 2 1 -1035.51 -596.40
41 0 2 60 5 1 41 0 2 1 -949.10 -586.32
40 0 2 60 5 1 40 0 2 1 -890.33 -520.56
39 0 2 60 5 1 39 0 2 1 -978.98 -565.46
38 0 2 60 5 1 38 0 2 1 -1007.77 -577.88
37 0 2 60 5 1 37 0 2 1 -1044.62 -597.76
36 0 2 60 5 1 36 0 2 1 -1009.63 -594.88
35 0 2 60 5 1 35 0 2 1 -1018.38 -583.81
34 0 2 60 5 1 34 0 2 1 -1013.95 -545.50
33 0 2 60 5 1 33 0 2 1 -914.44 -565.48
32 0 2 60 5 1 32 0 2 1 -830.94 -520.56
31 0 2 60 5 1 31 0 2 1 -921.77 -567.34
30 0 2 60 5 1 30 0 2 1 -1001.02 -570.80
29 0 2 60 5 1 29 0 2 1 -1026.89 -561.23
28 0 2 60 5 1 28 0 2 1 -993.78 -561.36
27 0 2 60 5 1 27 0 2 1 -996.38 -581.03
26 0 2 60 5 1 26 0 2 1 -987.05 -579.57
25 0 2 60 5 1 25 0 2 1 -868.47 -555.08
24 0 2 60 5 1 24 0 2 1 -817.22 -534.74
23 0 2 60 5 1 23 0 2 1 -896.78 -565.53
22 0 2 60 5 1 22 0 2 1 -988.87 -562.51
21 0 2 60 5 1 21 0 2 1 -997.83 -552.64
20 0 2 60 5 1 20 0 2 1 -937.37 -541.99
19 0 2 60 5 1 19 0 2 1 -956.81 -556.56
18 0 2 60 5 1 18 0 2 1 -972.19 -534.20
17 0 2 60 5 1 17 0 2 1 -877.43 -520.56
16 0 2 60 5 1 16 0 2 1 -751.73 -520.56
15 0 2 60 5 1 15 0 2 1 -844.75 -520.56
14 0 2 60 5 1 14 0 2 1 -918.32 -542.03
13 0 2 60 5 1 13 0 2 1 -924.07 -530.81
12 0 2 60 5 1 12 0 2 1 -939.51 -530.32
11 0 2 60 5 1 11 0 2 1 -965.33 -520.56
10 0 2 60 5 1 10 0 2 1 -910.61 -520.56
9 0 2 60 5 1 9 0 2 1 -784.99 -520.56
8 0 2 60 5 1 8 0 2 1 -709.07 -520.56
7 0 2 60 5 1 7 0 2 1 -740.18 -520.56
6 0 2 60 5 1 6 0 2 1 -802.42 -520.56
5 0 2 60 5 1 5 0 2 1 -927.80 -520.56
4 0 2 60 5 1 4 0 2 1 -861.26 -520.56
3 0 2 60 5 1 3 0 2 1 -856.28 -520.56
2 0 2 60 5 1 2 0 2 1 -862.18 -520.56
1 0 2 60 5 1 1 0 2 1 -609.23 -520.56
0 0 5 60 5 1 1 0 2 1 -609.23 -520.56
