KB MULADD LAT NB MU NU KU FFTCH IFTCH NFTCH GEN-MFLOP SPC-MFLOP
44 0 2 44 1 5 40 0 4 1 -788.39 -484.06
43 0 2 44 1 5 40 0 4 1 -768.68 -484.06
42 0 2 44 1 5 40 0 4 1 -789.76 -484.06
41 0 2 44 1 5 40 0 4 1 -766.00 -484.06
40 0 2 44 1 5 40 0 4 1 -781.38 -484.06
39 0 2 44 1 5 39 0 4 1 -767.58 -484.06
38 0 2 44 1 5 38 0 4 1 -776.90 -484.06
37 0 2 44 1 5 37 0 4 1 -742.78 -484.06
36 0 2 44 1 5 36 0 4 1 -783.33 -484.06
35 0 2 44 1 5 35 0 4 1 -764.21 -484.06
34 0 2 44 1 5 34 0 4 1 -779.42 -484.06
33 0 2 44 1 5 33 0 4 1 -764.88 -484.06
32 0 2 44 1 5 32 0 4 1 -774.82 -484.06
31 0 2 44 1 5 31 0 4 1 -757.31 -484.06
30 0 2 44 1 5 30 0 4 1 -796.34 -484.06
29 0 2 44 1 5 29 0 4 1 -764.74 -484.06
28 0 2 44 1 5 28 0 4 1 -786.35 -484.06
27 0 2 44 1 5 27 0 4 1 -763.19 -484.06
26 0 2 44 1 5 26 0 4 1 -783.32 -484.06
25 0 2 44 1 5 25 0 4 1 -750.42 -484.06
24 0 2 44 1 5 24 0 4 1 -789.76 -484.06
23 0 2 44 1 5 23 0 4 1 -777.28 -484.06
22 0 2 44 1 5 22 0 4 1 -786.03 -484.06
21 0 2 44 1 5 21 0 4 1 -765.81 -484.06
20 0 2 44 1 5 20 0 4 1 -772.37 -484.06
19 0 2 44 1 5 19 0 4 1 -747.70 -484.06
18 0 2 44 1 5 18 0 4 1 -778.44 -484.06
17 0 2 44 1 5 17 0 4 1 -766.94 -484.06
16 0 2 44 1 5 16 0 4 1 -764.06 -484.06
15 0 2 44 1 5 15 0 4 1 -747.85 -484.06
14 0 2 44 1 5 14 0 4 1 -764.19 -484.06
13 0 2 44 1 5 13 0 4 1 -754.10 -484.06
12 0 2 44 1 5 12 0 4 1 -753.47 -484.06
11 0 2 44 1 5 11 0 4 1 -765.68 -484.06
10 0 2 44 1 5 10 0 4 1 -755.08 -484.06
9 0 2 44 1 5 9 0 4 1 -741.49 -484.06
8 0 2 44 1 5 8 0 4 1 -709.96 -484.06
7 0 2 44 1 5 7 0 4 1 -710.47 -484.06
6 0 2 44 1 5 6 0 4 1 -701.20 -484.06
5 0 2 44 1 5 5 0 4 1 -715.71 -484.06
4 0 2 44 1 5 4 0 4 1 -725.07 -484.06
3 0 2 44 1 5 3 0 4 1 -605.53 -484.06
2 0 2 44 1 5 2 0 4 1 -497.55 -484.06
0 0 5 44 1 5 1 0 4 1 -337.13 -484.06
