KB MULADD LAT NB MU NU KU FFTCH IFTCH NFTCH GEN-MFLOP SPC-MFLOP
52 1 6 52 4 4 52 1 7 1 -3254.29 -3036.46
51 1 6 52 4 4 51 1 7 1 -3293.40 -3123.60
50 1 6 52 4 4 50 1 7 1 -3232.75 -3099.65
49 1 6 52 4 4 49 1 7 1 -3583.53 -3343.30
48 1 6 52 4 4 48 1 7 1 -3692.20 -3386.77
47 1 6 52 4 4 47 1 7 1 -3502.76 -3321.92
46 1 6 52 4 4 46 1 7 1 -3497.26 -3285.28
45 1 6 52 4 4 45 1 7 1 -3224.97 -3054.83
44 1 6 52 4 4 44 1 7 1 -3394.17 -3192.90
43 1 6 52 4 4 43 1 7 1 -3288.62 -3140.92
42 1 6 52 4 4 42 1 7 1 -3239.07 -3091.46
41 1 6 52 4 4 41 1 7 1 -3417.22 -3190.44
40 1 6 52 4 4 40 1 7 1 -3635.05 -3363.46
39 1 6 52 4 4 39 1 7 1 -3315.37 -3146.53
38 1 6 52 4 4 38 1 7 1 -3335.25 -3124.63
37 1 6 52 4 4 37 1 7 1 -3282.69 -3094.76
36 1 6 52 4 4 36 1 7 1 -3100.16 -2972.92
35 1 6 52 4 4 35 1 7 1 -3267.44 -3048.89
34 1 6 52 4 4 34 1 7 1 -3242.95 -3049.43
33 1 6 52 4 4 33 1 7 1 -3523.47 -3224.40
32 1 6 52 4 4 32 1 7 1 -3629.57 -3281.17
31 1 6 52 4 4 31 1 7 1 -3621.88 -3497.88
30 1 6 52 4 4 30 1 7 1 -3561.13 -3466.57
29 1 6 52 4 4 29 1 7 1 -3585.84 -3482.23
28 1 6 52 4 4 28 1 7 1 -3705.74 -3522.30
27 1 6 52 4 4 27 1 7 1 -3679.27 -3502.37
26 1 6 52 4 4 26 1 7 1 -3570.90 -3454.13
25 1 6 52 4 4 25 1 7 1 -3727.89 -3587.59
24 1 6 52 4 4 24 1 7 1 -3739.66 -3622.75
23 1 6 52 4 4 23 1 7 1 -3705.04 -3565.06
22 1 6 52 4 4 22 1 7 1 -3741.70 -3502.28
21 1 6 52 4 4 21 1 7 1 -3651.40 -3526.07
20 1 6 52 4 4 20 1 7 1 -3751.30 -3564.80
19 1 6 52 4 4 19 1 7 1 -3669.89 -3487.36
18 1 6 52 4 4 18 1 7 1 -3646.74 -3534.82
0 1 6 52 4 4 16 1 7 1 -3603.26 -3576.89
