KB MULADD LAT NB MU NU KU FFTCH IFTCH NFTCH GEN-MFLOP SPC-MFLOP
80 1 4 80 4 4 80 1 8 1 -4814.73 -4449.05
79 1 4 80 4 4 79 1 8 1 -4669.49 -4349.63
78 1 4 80 4 4 78 1 8 1 -4613.14 -4282.63
77 1 4 80 4 4 77 1 8 1 -4644.07 -4275.29
76 1 4 80 4 4 76 1 8 1 -4688.32 -4341.65
75 1 4 80 4 4 75 1 8 1 -4642.47 -4344.72
74 1 4 80 4 4 74 1 8 1 -4648.65 -4314.27
73 1 4 80 4 4 73 1 8 1 -4589.11 -4267.97
72 1 4 80 4 4 72 1 8 1 -4493.19 -4225.05
71 1 4 80 4 4 71 1 8 1 -4605.24 -4271.28
70 1 4 80 4 4 70 1 8 1 -4605.75 -4275.71
69 1 4 80 4 4 69 1 8 1 -4669.51 -4297.89
68 1 4 80 4 4 68 1 8 1 -4548.10 -4225.05
67 1 4 80 4 4 67 1 8 1 -4663.13 -4293.60
66 1 4 80 4 4 66 1 8 1 -4669.22 -4368.68
65 1 4 80 4 4 65 1 8 1 -4780.98 -4414.87
64 1 4 80 4 4 64 1 8 1 -4829.36 -4439.21
63 1 4 80 4 4 63 1 8 1 -4827.57 -4485.96
62 1 4 80 4 4 62 1 8 1 -4806.77 -4470.36
61 1 4 80 4 4 61 1 8 1 -4859.05 -4439.75
60 1 4 80 4 4 60 1 8 1 -4887.87 -4455.49
59 1 4 80 4 4 59 1 8 1 -4902.34 -4516.94
58 1 4 80 4 4 58 1 8 1 -4942.42 -4537.90
57 1 4 80 4 4 57 1 8 1 -4901.74 -4517.61
56 1 4 80 4 4 56 1 8 1 -4983.37 -4555.80
55 1 4 80 4 4 55 1 8 1 -4924.50 -4517.27
54 1 4 80 4 4 54 1 8 1 -4958.83 -4508.90
53 1 4 80 4 4 53 1 8 1 -4951.40 -4519.56
52 1 4 80 4 4 52 1 8 1 -4930.26 -4426.27
51 1 4 80 4 4 51 1 8 1 -4983.04 -4520.13
50 1 4 80 4 4 50 1 8 1 -4971.09 -4521.18
49 1 4 80 4 4 49 1 8 1 -4993.60 -4515.28
48 1 4 80 4 4 48 1 8 1 -5011.30 -4562.30
47 1 4 80 4 4 47 1 8 1 -5001.82 -4500.24
46 1 4 80 4 4 46 1 8 1 -4982.10 -4514.71
45 1 4 80 4 4 45 1 8 1 -4979.51 -4484.22
44 1 4 80 4 4 44 1 8 1 -5001.41 -4477.09
43 1 4 80 4 4 43 1 8 1 -5003.25 -4539.90
42 1 4 80 4 4 42 1 8 1 -4951.54 -4484.25
41 1 4 80 4 4 41 1 8 1 -4953.60 -4468.53
40 1 4 80 4 4 40 1 8 1 -5004.92 -4511.83
39 1 4 80 4 4 39 1 8 1 -4911.40 -4438.06
38 1 4 80 4 4 38 1 8 1 -4906.85 -4468.73
37 1 4 80 4 4 37 1 8 1 -4879.61 -4405.31
36 1 4 80 4 4 36 1 8 1 -4892.78 -4431.07
35 1 4 80 4 4 35 1 8 1 -4886.53 -4440.10
34 1 4 80 4 4 34 1 8 1 -4857.52 -4444.25
33 1 4 80 4 4 33 1 8 1 -4815.49 -4436.98
32 1 4 80 4 4 32 1 8 1 -4974.55 -4423.60
31 1 4 80 4 4 31 1 8 1 -4776.38 -4709.40
30 1 4 80 4 4 30 1 8 1 -4751.36 -4687.25
29 1 4 80 4 4 29 1 8 1 -4780.19 -4665.42
28 1 4 80 4 4 28 1 8 1 -4769.11 -4602.82
27 1 4 80 4 4 27 1 8 1 -4819.32 -4636.02
26 1 4 80 4 4 26 1 8 1 -4826.66 -4647.66
25 1 4 80 4 4 25 1 8 1 -4839.53 -4617.24
24 1 4 80 4 4 24 1 8 1 -4821.16 -4520.56
23 1 4 80 4 4 23 1 8 1 -4824.32 -4556.97
22 1 4 80 4 4 22 1 8 1 -4778.59 -4548.61
21 1 4 80 4 4 21 1 8 1 -4658.16 -4472.97
20 1 4 80 4 4 20 1 8 1 -4552.08 -4339.00
19 1 4 80 4 4 19 1 8 1 -4606.62 -4360.75
18 1 4 80 4 4 18 1 8 1 -4541.07 -4420.74
17 1 4 80 4 4 17 1 8 1 -4624.59 -4467.67
16 1 4 80 4 4 16 1 8 1 -4588.58 -4496.47
15 1 4 80 4 4 15 1 8 1 -4621.37 -4447.89
14 1 4 80 4 4 14 1 8 1 -4537.91 -4385.13
13 1 4 80 4 4 13 1 8 1 -4486.89 -4350.19
12 1 4 80 4 4 12 1 8 1 -4485.44 -4305.94
11 1 4 80 4 4 11 1 8 1 -4473.83 -4249.30
10 1 4 80 4 4 10 1 8 1 -4431.55 -4225.05
9 1 4 80 4 4 9 1 8 1 -4350.24 -4225.05
0 1 4 80 4 4 1 1 8 1 -4259.46 -4225.05
