KB MULADD LAT NB MU NU KU FFTCH IFTCH NFTCH GEN-MFLOP SPC-MFLOP
72 0 1 72 1 6 72 0 7 1 -1465.01 -763.84
71 0 1 72 1 6 71 0 7 1 -1434.84 -760.77
70 0 1 72 1 6 70 0 7 1 -1444.79 -763.62
69 0 1 72 1 6 69 0 7 1 -1434.76 -766.16
68 0 1 72 1 6 68 0 7 1 -1455.06 -766.43
67 0 1 72 1 6 67 0 7 1 -1425.43 -766.36
66 0 1 72 1 6 66 0 7 1 -1455.16 -766.70
65 0 1 72 1 6 65 0 7 1 -1475.33 -772.23
64 0 1 72 1 6 64 0 7 1 -1415.99 -769.07
63 0 1 72 1 6 63 0 7 1 -1444.64 -769.04
62 0 1 72 1 6 62 0 7 1 -1445.16 -758.44
61 0 1 72 1 6 61 0 7 1 -1406.90 -769.20
60 0 1 72 1 6 60 0 7 1 -1425.81 -758.41
59 0 1 72 1 6 59 0 7 1 -1425.67 -760.85
58 0 1 72 1 6 58 0 7 1 -1464.37 -763.51
57 0 1 72 1 6 57 0 7 1 -1388.53 -771.92
56 0 1 72 1 6 56 0 7 1 -1455.07 -758.50
55 0 1 72 1 6 55 0 7 1 -1416.28 -766.45
54 0 1 72 1 6 54 0 7 1 -1416.12 -755.55
53 0 1 72 1 6 53 0 7 1 -1435.11 -760.92
52 0 1 72 1 6 52 0 7 1 -1435.17 -777.55
51 0 1 72 1 6 51 0 7 1 -1444.95 -760.99
50 0 1 72 1 6 50 0 7 1 -1445.00 -769.23
49 0 1 72 1 6 49 0 7 1 -1444.93 -760.98
48 0 1 72 1 6 48 0 7 1 -1454.40 -750.16
47 0 1 72 1 6 47 0 7 1 -1435.53 -758.42
46 0 1 72 1 6 46 0 7 1 -1435.72 -761.24
45 0 1 72 1 6 45 0 7 1 -1445.21 -758.41
44 0 1 72 1 6 44 0 7 1 -1426.06 -750.56
43 0 1 72 1 6 43 0 7 1 -1435.44 -753.05
42 0 1 72 1 6 42 0 7 1 -1445.08 -758.34
41 0 1 72 1 6 41 0 7 1 -1425.75 -761.09
40 0 1 72 1 6 40 0 7 1 -1416.49 -758.41
39 0 1 72 1 6 39 0 7 1 -1416.43 -758.38
38 0 1 72 1 6 38 0 7 1 -1425.43 -760.93
37 0 1 72 1 6 37 0 7 1 -1425.52 -755.59
36 0 1 72 1 6 36 0 7 1 -1425.81 -755.75
35 0 1 72 1 6 35 0 7 1 -1435.82 -750.59
34 0 1 72 1 6 34 0 7 1 -1435.26 -747.69
33 0 1 72 1 6 33 0 7 1 -1426.06 -758.54
32 0 1 72 1 6 32 0 7 1 -1416.65 -747.91
31 0 1 72 1 6 31 0 7 1 -1435.46 -758.39
30 0 1 72 1 6 30 0 7 1 -1426.19 -747.82
29 0 1 72 1 6 29 0 7 1 -1416.47 -753.08
28 0 1 72 1 6 28 0 7 1 -1416.65 -747.91
27 0 1 72 1 6 27 0 7 1 -1416.67 -747.92
26 0 1 72 1 6 26 0 7 1 -1407.37 -755.86
25 0 1 72 1 6 25 0 7 1 -1407.48 -747.98
24 0 1 72 1 6 24 0 7 1 -1425.81 -761.13
23 0 1 72 1 6 23 0 7 1 -1398.05 -745.32
22 0 1 72 1 6 22 0 7 1 -1398.09 -745.34
21 0 1 72 1 6 21 0 7 1 -1407.48 -737.67
20 0 1 72 1 6 20 0 7 1 -1388.89 -742.61
19 0 1 72 1 6 19 0 7 1 -1388.91 -732.46
18 0 1 72 1 6 18 0 7 1 -1398.21 -734.95
17 0 1 72 1 6 17 0 7 1 -1380.03 -727.51
16 0 1 72 1 6 16 0 7 1 -1380.09 -727.54
15 0 1 72 1 6 15 0 7 1 -1371.27 -720.26
14 0 1 72 1 6 14 0 7 1 -1362.50 -720.19
13 0 1 72 1 6 13 0 7 1 -1345.30 -713.01
12 0 1 72 1 6 12 0 7 1 -1337.03 -722.68
11 0 1 72 1 6 11 0 7 1 -1320.42 -703.66
10 0 1 72 1 6 10 0 7 1 -1280.94 -701.33
9 0 1 72 1 6 9 0 7 1 -1258.32 -694.54
8 0 1 72 1 6 8 0 7 1 -1201.88 -692.30
7 0 1 72 1 6 7 0 7 1 -1208.57 -664.35
6 0 1 72 1 6 6 0 7 1 -1125.90 -634.75
5 0 1 72 1 6 5 0 7 1 -963.59 -597.41
4 0 1 72 1 6 4 0 7 1 -789.40 -597.41
0 0 1 72 1 6 1 0 7 1 -592.58 -597.41
