KB MULADD LAT NB MU NU KU FFTCH IFTCH NFTCH GEN-MFLOP SPC-MFLOP
80 0 1 80 1 6 80 0 7 1 -696.80 -464.34
79 0 1 80 1 6 79 0 7 1 -693.31 -445.52
78 0 1 80 1 6 78 0 7 1 -707.07 -446.86
77 0 1 80 1 6 77 0 7 1 -701.75 -442.56
76 0 1 80 1 6 76 0 7 1 -690.97 -451.59
75 0 1 80 1 6 75 0 7 1 -688.02 -449.29
74 0 1 80 1 6 74 0 7 1 -683.43 -454.96
73 0 1 80 1 6 73 0 7 1 -696.54 -453.97
72 0 1 80 1 6 72 0 7 1 -699.21 -443.31
71 0 1 80 1 6 71 0 7 1 -696.19 -441.31
70 0 1 80 1 6 70 0 7 1 -699.35 -442.75
69 0 1 80 1 6 69 0 7 1 -690.56 -450.41
68 0 1 80 1 6 68 0 7 1 -694.14 -449.83
67 0 1 80 1 6 67 0 7 1 -691.13 -450.42
66 0 1 80 1 6 66 0 7 1 -693.85 -450.58
65 0 1 80 1 6 65 0 7 1 -701.78 -437.18
64 0 1 80 1 6 64 0 7 1 -683.03 -437.14
63 0 1 80 1 6 63 0 7 1 -691.00 -448.28
62 0 1 80 1 6 62 0 7 1 -693.44 -448.31
61 0 1 80 1 6 61 0 7 1 -678.47 -446.40
60 0 1 80 1 6 60 0 7 1 -688.90 -451.70
59 0 1 80 1 6 59 0 7 1 -696.25 -453.73
58 0 1 80 1 6 58 0 7 1 -704.30 -441.19
57 0 1 80 1 6 57 0 7 1 -699.47 -440.73
56 0 1 80 1 6 56 0 7 1 -696.03 -437.31
55 0 1 80 1 6 55 0 7 1 -707.27 -447.31
54 0 1 80 1 6 54 0 7 1 -686.14 -446.24
53 0 1 80 1 6 53 0 7 1 -693.50 -448.27
52 0 1 80 1 6 52 0 7 1 -696.68 -448.56
51 0 1 80 1 6 51 0 7 1 -694.08 -450.69
50 0 1 80 1 6 50 0 7 1 -696.32 -450.39
49 0 1 80 1 6 49 0 7 1 -691.40 -437.14
48 0 1 80 1 6 48 0 7 1 -710.05 -436.26
47 0 1 80 1 6 47 0 7 1 -699.16 -436.08
46 0 1 80 1 6 46 0 7 1 -696.47 -437.21
45 0 1 80 1 6 45 0 7 1 -696.50 -444.05
44 0 1 80 1 6 44 0 7 1 -688.67 -443.06
43 0 1 80 1 6 43 0 7 1 -691.19 -443.02
42 0 1 80 1 6 42 0 7 1 -696.35 -444.00
41 0 1 80 1 6 41 0 7 1 -694.07 -445.06
40 0 1 80 1 6 40 0 7 1 -688.73 -445.09
39 0 1 80 1 6 39 0 7 1 -701.65 -434.71
38 0 1 80 1 6 38 0 7 1 -704.83 -430.10
37 0 1 80 1 6 37 0 7 1 -699.03 -432.54
36 0 1 80 1 6 36 0 7 1 -699.21 -433.18
35 0 1 80 1 6 35 0 7 1 -696.70 -439.89
34 0 1 80 1 6 34 0 7 1 -696.67 -434.71
33 0 1 80 1 6 33 0 7 1 -696.50 -440.95
32 0 1 80 1 6 32 0 7 1 -701.98 -439.86
31 0 1 80 1 6 31 0 7 1 -694.01 -439.89
30 0 1 80 1 6 30 0 7 1 -699.33 -437.77
29 0 1 80 1 6 29 0 7 1 -696.78 -436.80
28 0 1 80 1 6 28 0 7 1 -691.32 -435.68
27 0 1 80 1 6 27 0 7 1 -691.26 -430.46
26 0 1 80 1 6 26 0 7 1 -694.02 -435.61
25 0 1 80 1 6 25 0 7 1 -691.33 -434.57
24 0 1 80 1 6 24 0 7 1 -701.85 -427.82
23 0 1 80 1 6 23 0 7 1 -699.18 -436.56
22 0 1 80 1 6 22 0 7 1 -701.85 -432.53
21 0 1 80 1 6 21 0 7 1 -686.30 -432.46
20 0 1 80 1 6 20 0 7 1 -688.73 -431.40
19 0 1 80 1 6 19 0 7 1 -694.11 -433.61
18 0 1 80 1 6 18 0 7 1 -689.16 -426.62
17 0 1 80 1 6 17 0 7 1 -688.90 -425.52
16 0 1 80 1 6 16 0 7 1 -694.08 -422.56
15 0 1 80 1 6 15 0 7 1 -688.83 -421.63
14 0 1 80 1 6 14 0 7 1 -678.63 -415.78
13 0 1 80 1 6 13 0 7 1 -678.49 -413.85
12 0 1 80 1 6 12 0 7 1 -678.54 -407.54
11 0 1 80 1 6 11 0 7 1 -668.62 -396.85
10 0 1 80 1 6 10 0 7 1 -668.61 -401.14
9 0 1 80 1 6 9 0 7 1 -654.29 -395.15
8 0 1 80 1 6 8 0 7 1 -638.35 -386.76
7 0 1 80 1 6 7 0 7 1 -612.82 -374.70
6 0 1 80 1 6 6 0 7 1 -585.12 -374.70
5 0 1 80 1 6 5 0 7 1 -533.75 -374.70
4 0 1 80 1 6 4 0 7 1 -475.38 -374.70
3 0 1 80 1 6 3 0 7 1 -402.97 -374.70
0 0 1 80 1 6 1 0 7 1 -314.74 -374.70
