KB MULADD LAT NB MU NU KU FFTCH IFTCH NFTCH GEN-MFLOP SPC-MFLOP
72 0 1 72 1 6 72 0 7 1 -1375.59 -772.65
71 0 1 72 1 6 71 0 7 1 -1397.56 -755.40
70 0 1 72 1 6 70 0 7 1 -1396.03 -741.99
69 0 1 72 1 6 69 0 7 1 -1372.56 -742.43
68 0 1 72 1 6 68 0 7 1 -1408.50 -753.71
67 0 1 72 1 6 67 0 7 1 -1442.79 -762.44
66 0 1 72 1 6 66 0 7 1 -1387.16 -762.63
65 0 1 72 1 6 65 0 7 1 -1381.09 -754.54
64 0 1 72 1 6 64 0 7 1 -1433.12 -741.02
63 0 1 72 1 6 63 0 7 1 -1375.93 -756.08
62 0 1 72 1 6 62 0 7 1 -1405.86 -752.39
61 0 1 72 1 6 61 0 7 1 -1354.25 -738.05
60 0 1 72 1 6 60 0 7 1 -1442.68 -741.37
59 0 1 72 1 6 59 0 7 1 -1397.58 -752.66
58 0 1 72 1 6 58 0 7 1 -1405.37 -749.86
57 0 1 72 1 6 57 0 7 1 -1455.75 -746.44
56 0 1 72 1 6 56 0 7 1 -1417.03 -753.17
55 0 1 72 1 6 55 0 7 1 -1433.38 -747.91
54 0 1 72 1 6 54 0 7 1 -1379.84 -757.67
53 0 1 72 1 6 53 0 7 1 -1397.82 -760.39
52 0 1 72 1 6 52 0 7 1 -1414.02 -751.77
51 0 1 72 1 6 51 0 7 1 -1416.98 -750.46
50 0 1 72 1 6 50 0 7 1 -1432.55 -748.84
49 0 1 72 1 6 49 0 7 1 -1369.13 -721.55
48 0 1 72 1 6 48 0 7 1 -1420.44 -766.35
47 0 1 72 1 6 47 0 7 1 -1444.19 -736.27
46 0 1 72 1 6 46 0 7 1 -1387.00 -752.25
45 0 1 72 1 6 45 0 7 1 -1407.91 -737.56
44 0 1 72 1 6 44 0 7 1 -1414.02 -738.98
43 0 1 72 1 6 43 0 7 1 -1395.52 -757.18
42 0 1 72 1 6 42 0 7 1 -1397.23 -755.22
41 0 1 72 1 6 41 0 7 1 -1415.58 -749.94
40 0 1 72 1 6 40 0 7 1 -1423.32 -757.14
39 0 1 72 1 6 39 0 7 1 -1423.32 -741.31
38 0 1 72 1 6 38 0 7 1 -1396.71 -747.21
37 0 1 72 1 6 37 0 7 1 -1414.68 -749.46
36 0 1 72 1 6 36 0 7 1 -1443.69 -741.83
35 0 1 72 1 6 35 0 7 1 -1425.39 -745.00
34 0 1 72 1 6 34 0 7 1 -1424.15 -739.20
33 0 1 72 1 6 33 0 7 1 -1426.06 -737.63
32 0 1 72 1 6 32 0 7 1 -1406.68 -752.82
31 0 1 72 1 6 31 0 7 1 -1387.60 -736.82
30 0 1 72 1 6 30 0 7 1 -1407.17 -742.61
29 0 1 72 1 6 29 0 7 1 -1396.06 -741.66
28 0 1 72 1 6 28 0 7 1 -1398.01 -740.14
27 0 1 72 1 6 27 0 7 1 -1396.39 -741.83
26 0 1 72 1 6 26 0 7 1 -1388.57 -739.88
25 0 1 72 1 6 25 0 7 1 -1387.68 -736.86
24 0 1 72 1 6 24 0 7 1 -1397.36 -744.95
23 0 1 72 1 6 23 0 7 1 -1388.16 -734.57
22 0 1 72 1 6 22 0 7 1 -1370.33 -732.11
21 0 1 72 1 6 21 0 7 1 -1361.40 -731.94
20 0 1 72 1 6 20 0 7 1 -1361.55 -727.08
19 0 1 72 1 6 19 0 7 1 -1369.85 -719.52
18 0 1 72 1 6 18 0 7 1 -1362.35 -708.20
17 0 1 72 1 6 17 0 7 1 -1336.56 -717.58
16 0 1 72 1 6 16 0 7 1 -1336.33 -703.29
15 0 1 72 1 6 15 0 7 1 -1320.19 -710.60
14 0 1 72 1 6 14 0 7 1 -1320.35 -703.62
13 0 1 72 1 6 13 0 7 1 -1257.86 -698.81
12 0 1 72 1 6 12 0 7 1 -1280.31 -689.68
11 0 1 72 1 6 11 0 7 1 -1280.98 -676.94
10 0 1 72 1 6 10 0 7 1 -1229.14 -672.55
9 0 1 72 1 6 9 0 7 1 -1175.19 -658.08
8 0 1 72 1 6 8 0 7 1 -1156.26 -652.13
7 0 1 72 1 6 7 0 7 1 -1125.83 -576.55
6 0 1 72 1 6 6 0 7 1 -1064.04 -621.73
5 0 1 72 1 6 5 0 7 1 -967.78 -570.28
4 0 1 72 1 6 4 0 7 1 -786.40 -570.28
3 0 1 72 1 6 3 0 7 1 -594.22 -570.28
0 0 1 72 1 6 1 0 7 1 -400.60 -570.28
