KB MULADD LAT PREF NB MU NU KU FFTCH IFTCH NFTCH GEN-MFLOP SPC-MFLOP
80 1 5 1 80 5 5 1 0 10 1 -3204.43 -2735.68
79 1 5 1 80 5 5 1 0 10 1 -3183.99 -2735.68
78 1 5 1 80 5 5 1 0 10 1 -3156.26 -2735.68
77 1 5 1 80 5 5 1 0 10 1 -3178.40 -2735.68
76 1 5 1 80 5 5 1 0 10 1 -3152.49 -2735.68
75 1 5 1 80 5 5 1 0 10 1 -3196.56 -2735.68
74 1 5 1 80 5 5 1 0 10 1 -3177.29 -2735.68
73 1 5 1 80 5 5 1 0 10 1 -3154.52 -2735.68
72 1 5 1 80 5 5 1 0 10 1 -3144.69 -2735.68
71 1 5 1 80 5 5 1 0 10 1 -3164.60 -2735.68
70 1 5 1 80 5 5 1 0 10 1 -3113.19 -2735.68
69 1 5 1 80 5 5 1 0 10 1 -3157.12 -2735.68
68 1 5 1 80 5 5 1 0 10 1 -3138.80 -2735.68
67 1 5 1 80 5 5 1 0 10 1 -3162.28 -2735.68
66 1 5 1 80 5 5 1 0 10 1 -3126.59 -2735.68
65 1 5 1 80 5 5 1 0 10 1 -3150.94 -2735.68
64 1 5 1 80 5 5 1 0 10 1 -3119.67 -2735.68
63 1 5 1 80 5 5 1 0 10 1 -3175.47 -2735.68
62 1 5 1 80 5 5 1 0 10 1 -3166.65 -2735.68
61 1 5 1 80 5 5 1 0 10 1 -3583.96 -2735.68
60 1 5 1 80 5 5 1 0 10 1 -3566.09 -2735.68
59 1 5 1 80 5 5 1 0 10 1 -3586.29 -2735.68
58 1 5 1 80 5 5 1 0 10 1 -3564.29 -2735.68
57 1 5 1 80 5 5 1 0 10 1 -3579.88 -2735.68
56 1 5 1 80 5 5 1 0 10 1 -3543.73 -2735.68
55 1 5 1 80 5 5 1 0 10 1 -3571.29 -2735.68
54 1 5 1 80 5 5 1 0 10 1 -3545.75 -2735.68
53 1 5 1 80 5 5 1 0 10 1 -3563.19 -2735.68
52 1 5 1 80 5 5 1 0 10 1 -3532.97 -2735.68
51 1 5 1 80 5 5 1 0 10 1 -3556.47 -2735.68
50 1 5 1 80 5 5 1 0 10 1 -3535.61 -2735.68
49 1 5 1 80 5 5 1 0 10 1 -3543.96 -2735.68
48 1 5 1 80 5 5 1 0 10 1 -3474.76 -2735.68
47 1 5 1 80 5 5 1 0 10 1 -3505.13 -2735.68
46 1 5 1 80 5 5 1 0 10 1 -3474.99 -2735.68
45 1 5 1 80 5 5 1 0 10 1 -3485.78 -2735.68
44 1 5 1 80 5 5 1 0 10 1 -3461.53 -2735.68
43 1 5 1 80 5 5 1 0 10 1 -3476.79 -2735.68
42 1 5 1 80 5 5 1 0 10 1 -3438.61 -2735.68
41 1 5 1 80 5 5 1 0 10 1 -3466.43 -2735.68
40 1 5 1 80 5 5 1 0 10 1 -3391.80 -2735.68
39 1 5 1 80 5 5 1 0 10 1 -3459.12 -2735.68
38 1 5 1 80 5 5 1 0 10 1 -3398.67 -2735.68
37 1 5 1 80 5 5 1 0 10 1 -3443.64 -2735.68
36 1 5 1 80 5 5 1 0 10 1 -3296.00 -2735.68
35 1 5 1 80 5 5 1 0 10 1 -3320.79 -2735.68
34 1 5 1 80 5 5 1 0 10 1 -3270.77 -2735.68
33 1 5 1 80 5 5 1 0 10 1 -3339.36 -2735.68
32 1 5 1 80 5 5 1 0 10 1 -3369.74 -2735.68
31 1 5 1 80 5 5 1 0 10 1 -3308.82 -2735.68
30 1 5 1 80 5 5 1 0 10 1 -3265.97 -2735.68
29 1 5 1 80 5 5 1 0 10 1 -3262.74 -2735.68
28 1 5 1 80 5 5 1 0 10 1 -3256.16 -2735.68
27 1 5 1 80 5 5 1 0 10 1 -3273.59 -2735.68
26 1 5 1 80 5 5 1 0 10 1 -3249.45 -2735.68
25 1 5 1 80 5 5 1 0 10 1 -3210.93 -2735.68
24 1 5 1 80 5 5 1 0 10 1 -3259.99 -2735.68
23 1 5 1 80 5 5 1 0 10 1 -3247.50 -2735.68
22 1 5 1 80 5 5 1 0 10 1 -3213.59 -2735.68
21 1 5 1 80 5 5 1 0 10 1 -3191.78 -2735.68
20 1 5 1 80 5 5 1 0 10 1 -3238.19 -2735.68
19 1 5 1 80 5 5 1 0 10 1 -3182.22 -2735.68
18 1 5 1 80 5 5 1 0 10 1 -3151.51 -2735.68
17 1 5 1 80 5 5 1 0 10 1 -3179.45 -2735.68
16 1 5 1 80 5 5 1 0 10 1 -3180.16 -2735.68
15 1 5 1 80 5 5 1 0 10 1 -3098.33 -2735.68
14 1 5 1 80 5 5 1 0 10 1 -2942.44 -2735.68
13 1 5 1 80 5 5 1 0 10 1 -3030.12 -2735.68
12 1 5 1 80 5 5 1 0 10 1 -3035.90 -2735.68
11 1 5 1 80 5 5 1 0 10 1 -2970.26 -2735.68
10 1 5 1 80 5 5 1 0 10 1 -2952.47 -2735.68
9 1 5 1 80 5 5 1 0 10 1 -2901.77 -2735.68
8 1 5 1 80 5 5 1 0 10 1 -2812.94 -2735.68
0 1 5 1 80 5 5 1 0 10 1 -2740.36 -2735.68
