KB MULADD LAT NB MU NU KU FFTCH IFTCH NFTCH GEN-MFLOP SPC-MFLOP
80 0 1 80 1 4 80 1 5 1 -1575.13 -1432.64
79 0 1 80 1 4 79 1 5 1 -1575.56 -1397.84
78 0 1 80 1 4 78 1 5 1 -1593.08 -1391.01
77 0 1 80 1 4 77 1 5 1 -1583.53 -1390.48
76 0 1 80 1 4 76 1 5 1 -1582.42 -1382.76
75 0 1 80 1 4 75 1 5 1 -1587.20 -1400.47
74 0 1 80 1 4 74 1 5 1 -1576.32 -1378.24
73 0 1 80 1 4 73 1 5 1 -1582.25 -1382.61
72 0 1 80 1 4 72 1 5 1 -1576.49 -1391.91
71 0 1 80 1 4 71 1 5 1 -1578.70 -1380.32
70 0 1 80 1 4 70 1 5 1 -1591.88 -1389.96
69 0 1 80 1 4 69 1 5 1 -1592.82 -1358.15
68 0 1 80 1 4 68 1 5 1 -1575.47 -1370.94
67 0 1 80 1 4 67 1 5 1 -1592.65 -1397.38
66 0 1 80 1 4 66 1 5 1 -1597.20 -1394.60
65 0 1 80 1 4 65 1 5 1 -1604.27 -1399.72
64 0 1 80 1 4 64 1 5 1 -1583.79 -1397.46
63 0 1 80 1 4 63 1 5 1 -1594.88 -1392.58
62 0 1 80 1 4 62 1 5 1 -1587.20 -1386.94
61 0 1 80 1 4 61 1 5 1 -1587.63 -1387.31
60 0 1 80 1 4 60 1 5 1 -1578.53 -1386.94
59 0 1 80 1 4 59 1 5 1 -1594.88 -1379.06
58 0 1 80 1 4 58 1 5 1 -1592.73 -1384.35
57 0 1 80 1 4 57 1 5 1 -1585.96 -1359.14
56 0 1 80 1 4 56 1 5 1 -1595.48 -1373.20
55 0 1 80 1 4 55 1 5 1 -1586.64 -1359.73
54 0 1 80 1 4 54 1 5 1 -1594.40 -1378.39
53 0 1 80 1 4 53 1 5 1 -1578.78 -1367.25
52 0 1 80 1 4 52 1 5 1 -1566.82 -1364.76
51 0 1 80 1 4 51 1 5 1 -1593.08 -1364.38
50 0 1 80 1 4 50 1 5 1 -1596.17 -1367.21
49 0 1 80 1 4 49 1 5 1 -1602.63 -1364.90
48 0 1 80 1 4 48 1 5 1 -1594.40 -1398.66
47 0 1 80 1 4 47 1 5 1 -1606.17 -1348.55
46 0 1 80 1 4 46 1 5 1 -1603.75 -1359.29
45 0 1 80 1 4 45 1 5 1 -1603.84 -1346.60
44 0 1 80 1 4 44 1 5 1 -1597.20 -1354.94
43 0 1 80 1 4 43 1 5 1 -1594.11 -1339.74
42 0 1 80 1 4 42 1 5 1 -1554.63 -1348.12
41 0 1 80 1 4 41 1 5 1 -1595.03 -1333.33
40 0 1 80 1 4 40 1 5 1 -1569.85 -1310.59
39 0 1 80 1 4 39 1 5 1 -1587.46 -1354.65
38 0 1 80 1 4 38 1 5 1 -1585.96 -1327.59
37 0 1 80 1 4 37 1 5 1 -1588.43 -1305.32
36 0 1 80 1 4 36 1 5 1 -1606.48 -1299.67
35 0 1 80 1 4 35 1 5 1 -1594.88 -1327.80
34 0 1 80 1 4 34 1 5 1 -1578.36 -1329.08
33 0 1 80 1 4 33 1 5 1 -1579.55 -1317.48
32 0 1 80 1 4 32 1 5 1 -1577.85 -1316.06
31 0 1 80 1 4 31 1 5 1 -1569.85 -1322.67
30 0 1 80 1 4 30 1 5 1 -1578.53 -1292.95
29 0 1 80 1 4 29 1 5 1 -1560.26 -1298.07
28 0 1 80 1 4 28 1 5 1 -1552.67 -1292.24
27 0 1 80 1 4 27 1 5 1 -1578.78 -1270.12
26 0 1 80 1 4 26 1 5 1 -1595.31 -1263.51
25 0 1 80 1 4 25 1 5 1 -1570.13 -1258.62
24 0 1 80 1 4 24 1 5 1 -1569.85 -1264.19
23 0 1 80 1 4 23 1 5 1 -1579.12 -1231.96
22 0 1 80 1 4 22 1 5 1 -1570.87 -1237.58
21 0 1 80 1 4 21 1 5 1 -1579.04 -1232.03
20 0 1 80 1 4 20 1 5 1 -1552.79 -1221.06
19 0 1 80 1 4 19 1 5 1 -1569.94 -1247.70
18 0 1 80 1 4 18 1 5 1 -1562.19 -1248.43
17 0 1 80 1 4 17 1 5 1 -1503.58 -1236.65
16 0 1 80 1 4 16 1 5 1 -1553.45 -1200.96
15 0 1 80 1 4 15 1 5 1 -1544.39 -1185.74
14 0 1 80 1 4 14 1 5 1 -1545.44 -1166.52
13 0 1 80 1 4 13 1 5 1 -1553.04 -1138.67
12 0 1 80 1 4 12 1 5 1 -1537.26 -1112.41
11 0 1 80 1 4 11 1 5 1 -1512.85 -1091.18
10 0 1 80 1 4 10 1 5 1 -1496.68 -1058.79
9 0 1 80 1 4 9 1 5 1 -1451.24 -1021.03
8 0 1 80 1 4 8 1 5 1 -1458.34 -982.27
7 0 1 80 1 4 7 1 5 1 -1443.60 -955.90
6 0 1 80 1 4 6 1 5 1 -1429.47 -898.99
5 0 1 80 1 4 5 1 5 1 -1211.27 -853.57
4 0 1 80 1 4 4 1 5 1 -1323.69 -791.92
3 0 1 80 1 4 3 1 5 1 -1265.01 -672.67
2 0 1 80 1 4 2 1 5 1 -1087.03 -486.49
1 0 1 80 1 4 1 1 5 1 -729.30 -486.49
0 0 1 80 1 4 1 1 5 1 -729.30 -486.49
