KB MULADD LAT NB MU NU KU FFTCH IFTCH NFTCH GEN-MFLOP SPC-MFLOP
72 0 2 72 1 4 72 0 4 1 -1475.17 -873.48
71 0 2 72 1 4 71 0 4 1 -1482.45 -873.48
70 0 2 72 1 4 70 0 4 1 -1490.51 -873.48
69 0 2 72 1 4 69 0 4 1 -1497.96 -873.48
68 0 2 72 1 4 68 0 4 1 -1482.72 -873.48
67 0 2 72 1 4 67 0 4 1 -1490.01 -873.48
66 0 2 72 1 4 66 0 4 1 -1505.43 -873.48
65 0 2 72 1 4 65 0 4 1 -1506.04 -873.48
64 0 2 72 1 4 64 0 4 1 -1505.43 -873.48
63 0 2 72 1 4 63 0 4 1 -1505.38 -873.48
62 0 2 72 1 4 62 0 4 1 -1482.43 -875.98
61 0 2 72 1 4 61 0 4 1 -1489.59 -873.48
60 0 2 72 1 4 60 0 4 1 -1482.46 -873.48
59 0 2 72 1 4 59 0 4 1 -1505.38 -873.48
58 0 2 72 1 4 58 0 4 1 -1489.80 -873.48
57 0 2 72 1 4 57 0 4 1 -1497.42 -873.48
56 0 2 72 1 4 56 0 4 1 -1482.78 -873.48
55 0 2 72 1 4 55 0 4 1 -1498.07 -873.48
54 0 2 72 1 4 54 0 4 1 -1505.53 -881.30
53 0 2 72 1 4 53 0 4 1 -1489.69 -929.23
52 0 2 72 1 4 52 0 4 1 -1489.93 -923.44
51 0 2 72 1 4 51 0 4 1 -1497.62 -920.48
50 0 2 72 1 4 50 0 4 1 -1498.07 -912.04
49 0 2 72 1 4 49 0 4 1 -1529.74 -903.52
48 0 2 72 1 4 48 0 4 1 -1489.99 -897.67
47 0 2 72 1 4 47 0 4 1 -1505.53 -889.29
46 0 2 72 1 4 46 0 4 1 -1497.58 -883.85
45 0 2 72 1 4 45 0 4 1 -1489.95 -881.22
44 0 2 72 1 4 44 0 4 1 -1482.27 -873.48
43 0 2 72 1 4 43 0 4 1 -1505.35 -873.48
42 0 2 72 1 4 42 0 4 1 -1482.56 -873.48
41 0 2 72 1 4 41 0 4 1 -1505.74 -873.48
40 0 2 72 1 4 40 0 4 1 -1475.29 -873.48
39 0 2 72 1 4 39 0 4 1 -1490.14 -873.48
38 0 2 72 1 4 38 0 4 1 -1498.04 -873.48
37 0 2 72 1 4 37 0 4 1 -1505.94 -873.48
36 0 2 72 1 4 36 0 4 1 -1482.66 -873.48
35 0 2 72 1 4 35 0 4 1 -1498.23 -873.48
34 0 2 72 1 4 34 0 4 1 -1498.16 -873.48
33 0 2 72 1 4 33 0 4 1 -1505.43 -873.48
32 0 2 72 1 4 32 0 4 1 -1482.78 -873.48
31 0 2 72 1 4 31 0 4 1 -1497.87 -873.48
30 0 2 72 1 4 30 0 4 1 -1482.46 -873.48
29 0 2 72 1 4 29 0 4 1 -1482.54 -873.48
28 0 2 72 1 4 28 0 4 1 -1475.29 -876.19
27 0 2 72 1 4 27 0 4 1 -1490.09 -878.62
26 0 2 72 1 4 26 0 4 1 -1521.72 -873.48
25 0 2 72 1 4 25 0 4 1 -1475.14 -873.48
24 0 2 72 1 4 24 0 4 1 -1460.19 -873.48
23 0 2 72 1 4 23 0 4 1 -1482.51 -909.09
22 0 2 72 1 4 22 0 4 1 -1482.62 -897.88
21 0 2 72 1 4 21 0 4 1 -1460.10 -1086.87
20 0 2 72 1 4 20 0 4 1 -1453.28 -1014.54
19 0 2 72 1 4 19 0 4 1 -1460.13 -873.48
18 0 2 72 1 4 18 0 4 1 -1445.66 -881.47
17 0 2 72 1 4 17 0 4 1 -1445.72 -912.10
16 0 2 72 1 4 16 0 4 1 -1390.17 -873.48
15 0 2 72 1 4 15 0 4 1 -1438.44 -876.14
14 0 2 72 1 4 14 0 4 1 -1417.37 -873.48
13 0 2 72 1 4 13 0 4 1 -1417.21 -873.48
12 0 2 72 1 4 12 0 4 1 -1383.40 -873.48
11 0 2 72 1 4 11 0 4 1 -1417.21 -873.48
10 0 2 72 1 4 10 0 4 1 -1390.17 -878.87
9 0 2 72 1 4 9 0 4 1 -1376.75 -873.48
8 0 2 72 1 4 8 0 4 1 -1320.29 -873.48
7 0 2 72 1 4 7 0 4 1 -1338.62 -873.48
6 0 2 72 1 4 6 0 4 1 -1326.37 -873.48
5 0 2 72 1 4 5 0 4 1 -1370.41 -873.48
4 0 2 72 1 4 4 0 4 1 -1220.01 -873.48
3 0 2 72 1 4 3 0 4 1 -1296.63 -873.48
2 0 2 72 1 4 2 0 4 1 -1268.17 -873.48
0 0 2 72 1 4 1 0 4 1 -722.87 -873.48
