KB MULADD LAT NB MU NU KU FFTCH IFTCH NFTCH GEN-MFLOP SPC-MFLOP
112 0 3 112 1 4 112 1 3 2 -1578.89 -1006.23
111 0 3 112 1 4 111 1 3 2 -1596.29 -1002.52
110 0 3 112 1 4 110 1 3 2 -1586.82 -1005.75
109 0 3 112 1 4 109 1 3 2 -1577.40 -1008.83
108 0 3 112 1 4 108 1 3 2 -1585.06 -1001.09
107 0 3 112 1 4 107 1 3 2 -1575.15 -1003.85
106 0 3 112 1 4 106 1 3 2 -1586.73 -998.67
105 0 3 112 1 4 105 1 3 2 -1576.27 -1004.56
104 0 3 112 1 4 104 1 3 2 -1587.23 -1002.46
103 0 3 112 1 4 103 1 3 2 -1593.85 -1008.08
102 0 3 112 1 4 102 1 3 2 -1586.57 -1002.12
101 0 3 112 1 4 101 1 3 2 -1614.82 -999.40
100 0 3 112 1 4 100 1 3 2 -1602.63 -1000.88
99 0 3 112 1 4 99 1 3 2 -1603.35 -997.85
98 0 3 112 1 4 98 1 3 2 -1603.73 -1001.57
97 0 3 112 1 4 97 1 3 2 -1603.77 -1012.25
96 0 3 112 1 4 96 1 3 2 -1594.52 -1015.69
95 0 3 112 1 4 95 1 3 2 -1602.84 -1004.56
94 0 3 112 1 4 94 1 3 2 -1596.87 -1006.44
93 0 3 112 1 4 93 1 3 2 -1604.49 -1002.04
92 0 3 112 1 4 92 1 3 2 -1602.80 -987.50
91 0 3 112 1 4 91 1 3 2 -1595.65 -1005.67
90 0 3 112 1 4 90 1 3 2 -1570.99 -999.51
89 0 3 112 1 4 89 1 3 2 -1594.27 -1004.80
88 0 3 112 1 4 88 1 3 2 -1595.15 -991.19
87 0 3 112 1 4 87 1 3 2 -1595.02 -984.48
86 0 3 112 1 4 86 1 3 2 -1622.27 -1001.57
85 0 3 112 1 4 85 1 3 2 -1603.36 -1011.87
84 0 3 112 1 4 84 1 3 2 -1623.76 -1002.67
83 0 3 112 1 4 83 1 3 2 -1603.94 -984.52
82 0 3 112 1 4 82 1 3 2 -1596.45 -975.34
81 0 3 112 1 4 81 1 3 2 -1577.57 -1019.93
80 0 3 112 1 4 80 1 3 2 -1603.48 -1001.48
79 0 3 112 1 4 79 1 3 2 -1621.70 -994.52
78 0 3 112 1 4 78 1 3 2 -1603.28 -1019.15
77 0 3 112 1 4 77 1 3 2 -1596.85 -1006.05
76 0 3 112 1 4 76 1 3 2 -1595.29 -991.15
75 0 3 112 1 4 75 1 3 2 -1605.06 -1005.75
74 0 3 112 1 4 74 1 3 2 -1605.25 -988.95
73 0 3 112 1 4 73 1 3 2 -1596.80 -985.20
72 0 3 112 1 4 72 1 3 2 -1604.49 -981.59
71 0 3 112 1 4 71 1 3 2 -1586.49 -1015.60
70 0 3 112 1 4 70 1 3 2 -1579.45 -978.08
69 0 3 112 1 4 69 1 3 2 -1632.26 -991.83
68 0 3 112 1 4 68 1 3 2 -1586.86 -998.64
67 0 3 112 1 4 67 1 3 2 -1649.92 -984.29
66 0 3 112 1 4 66 1 3 2 -1622.99 -1005.90
65 0 3 112 1 4 65 1 3 2 -1632.69 -1028.05
64 0 3 112 1 4 64 1 3 2 -1604.83 -1002.25
63 0 3 112 1 4 63 1 3 2 -1585.81 -1001.79
62 0 3 112 1 4 62 1 3 2 -1595.53 -1016.64
61 0 3 112 1 4 61 1 3 2 -1605.01 -995.40
60 0 3 112 1 4 60 1 3 2 -1624.27 -1002.99
59 0 3 112 1 4 59 1 3 2 -1613.16 -1008.96
58 0 3 112 1 4 58 1 3 2 -1603.98 -998.25
57 0 3 112 1 4 57 1 3 2 -1623.81 -999.04
56 0 3 112 1 4 56 1 3 2 -1596.83 -982.00
55 0 3 112 1 4 55 1 3 2 -1622.99 -964.98
54 0 3 112 1 4 54 1 3 2 -1614.53 -975.23
53 0 3 112 1 4 53 1 3 2 -1623.53 -1002.15
52 0 3 112 1 4 52 1 3 2 -1605.17 -1006.02
51 0 3 112 1 4 51 1 3 2 -1613.46 -1005.59
50 0 3 112 1 4 50 1 3 2 -1614.02 -998.72
49 0 3 112 1 4 49 1 3 2 -1615.08 -995.90
48 0 3 112 1 4 48 1 3 2 -1596.54 -995.71
47 0 3 112 1 4 47 1 3 2 -1624.10 -989.03
46 0 3 112 1 4 46 1 3 2 -1613.71 -984.94
45 0 3 112 1 4 45 1 3 2 -1614.99 -996.03
44 0 3 112 1 4 44 1 3 2 -1605.68 -982.10
43 0 3 112 1 4 43 1 3 2 -1605.55 -975.35
42 0 3 112 1 4 42 1 3 2 -1605.51 -982.00
41 0 3 112 1 4 41 1 3 2 -1596.45 -965.38
40 0 3 112 1 4 40 1 3 2 -1578.56 -965.23
39 0 3 112 1 4 39 1 3 2 -1595.65 -974.78
38 0 3 112 1 4 38 1 3 2 -1587.32 -971.89
37 0 3 112 1 4 37 1 3 2 -1614.53 -971.89
36 0 3 112 1 4 36 1 3 2 -1606.01 -965.74
35 0 3 112 1 4 35 1 3 2 -1596.83 -959.20
34 0 3 112 1 4 34 1 3 2 -1605.93 -972.24
33 0 3 112 1 4 33 1 3 2 -1597.17 -972.36
32 0 3 112 1 4 32 1 3 2 -1570.88 -975.73
31 0 3 112 1 4 31 1 3 2 -1587.86 -959.20
30 0 3 112 1 4 30 1 3 2 -1588.07 -959.26
29 0 3 112 1 4 29 1 3 2 -1578.60 -961.99
28 0 3 112 1 4 28 1 3 2 -1578.89 -946.25
27 0 3 112 1 4 27 1 3 2 -1578.64 -942.96
26 0 3 112 1 4 26 1 3 2 -1578.56 -939.89
25 0 3 112 1 4 25 1 3 2 -1588.16 -913.17
24 0 3 112 1 4 24 1 3 2 -1553.15 -933.92
23 0 3 112 1 4 23 1 3 2 -1561.75 -853.15
22 0 3 112 1 4 22 1 3 2 -1553.31 -907.28
21 0 3 112 1 4 21 1 3 2 -1553.15 -946.25
20 0 3 112 1 4 20 1 3 2 -1545.24 -937.24
19 0 3 112 1 4 19 1 3 2 -1553.68 -934.18
18 0 3 112 1 4 18 1 3 2 -1562.04 -893.31
17 0 3 112 1 4 17 1 3 2 -1545.16 -838.25
16 0 3 112 1 4 16 1 3 2 -1504.73 -833.49
15 0 3 112 1 4 15 1 3 2 -1545.24 -863.62
14 0 3 112 1 4 14 1 3 2 -1536.92 -812.14
13 0 3 112 1 4 13 1 3 2 -1528.43 -868.71
12 0 3 112 1 4 12 1 3 2 -1512.45 -831.02
11 0 3 112 1 4 11 1 3 2 -1520.70 -794.13
10 0 3 112 1 4 10 1 3 2 -1512.45 -742.48
9 0 3 112 1 4 9 1 3 2 -1443.70 -768.42
8 0 3 112 1 4 8 1 3 2 -1473.70 -707.64
7 0 3 112 1 4 7 1 3 2 -1443.78 -764.36
6 0 3 112 1 4 6 1 3 2 -1429.34 -615.89
5 0 3 112 1 4 5 1 3 2 -1597.04 -629.64
4 0 3 112 1 4 4 1 3 2 -1597.50 -615.89
3 0 3 112 1 4 3 1 3 2 -1579.52 -615.89
2 0 3 112 1 4 2 1 3 2 -1387.85 -615.89
1 0 3 112 1 4 1 1 3 2 -882.50 -615.89
0 0 4 112 1 4 1 1 3 2 -882.50 -615.89
