KB MULADD LAT NB MU NU KU FFTCH IFTCH NFTCH GEN-MFLOP SPC-MFLOP
60 0 2 60 1 4 60 0 4 1 -1465.81 -1077.45
59 0 2 60 1 4 59 0 4 1 -1467.25 -1054.90
58 0 2 60 1 4 58 0 4 1 -1429.22 -1085.16
57 0 2 60 1 4 57 0 4 1 -1452.77 -1043.66
56 0 2 60 1 4 56 0 4 1 -1481.29 -1115.29
55 0 2 60 1 4 55 0 4 1 -1451.94 -1070.17
54 0 2 60 1 4 54 0 4 1 -1466.96 -1081.65
53 0 2 60 1 4 53 0 4 1 -1417.03 -1058.67
52 0 2 60 1 4 52 0 4 1 -1473.99 -1119.82
51 0 2 60 1 4 51 0 4 1 -1490.08 -1103.51
50 0 2 60 1 4 50 0 4 1 -1452.37 -1133.47
49 0 2 60 1 4 49 0 4 1 -1465.72 -1066.87
48 0 2 60 1 4 48 0 4 1 -1459.90 -1036.06
47 0 2 60 1 4 47 0 4 1 -1452.98 -1059.08
46 0 2 60 1 4 46 0 4 1 -1481.74 -1010.38
45 0 2 60 1 4 45 0 4 1 -1481.43 -1013.91
44 0 2 60 1 4 44 0 4 1 -1481.88 -1031.97
43 0 2 60 1 4 43 0 4 1 -1446.98 -1025.05
42 0 2 60 1 4 42 0 4 1 -1437.29 -1062.86
41 0 2 60 1 4 41 0 4 1 -1490.08 -1017.99
40 0 2 60 1 4 40 0 4 1 -1444.68 -1070.08
39 0 2 60 1 4 39 0 4 1 -1438.37 -1036.32
38 0 2 60 1 4 38 0 4 1 -1430.37 -1010.97
37 0 2 60 1 4 37 0 4 1 -1430.72 -993.17
36 0 2 60 1 4 36 0 4 1 -1466.86 -1078.22
35 0 2 60 1 4 35 0 4 1 -1467.56 -1099.25
34 0 2 60 1 4 34 0 4 1 -1459.90 -1099.12
33 0 2 60 1 4 33 0 4 1 -1467.65 -1091.02
32 0 2 60 1 4 32 0 4 1 -1474.17 -959.89
31 0 2 60 1 4 31 0 4 1 -1489.77 -1006.99
30 0 2 60 1 4 30 0 4 1 -1459.64 -963.36
29 0 2 60 1 4 29 0 4 1 -1437.29 -969.47
28 0 2 60 1 4 28 0 4 1 -1452.81 -993.52
27 0 2 60 1 4 27 0 4 1 -1482.46 -966.69
26 0 2 60 1 4 26 0 4 1 -1482.62 -1003.86
25 0 2 60 1 4 25 0 4 1 -1497.53 -941.47
24 0 2 60 1 4 24 0 4 1 -1452.64 -1003.75
23 0 2 60 1 4 23 0 4 1 -1460.51 -960.61
22 0 2 60 1 4 22 0 4 1 -1467.65 -976.82
21 0 2 60 1 4 21 0 4 1 -1467.25 -947.67
20 0 2 60 1 4 20 0 4 1 -1431.23 -1025.69
19 0 2 60 1 4 19 0 4 1 -1431.61 -1036.23
18 0 2 60 1 4 18 0 4 1 -1431.32 -1014.94
17 0 2 60 1 4 17 0 4 1 -1410.51 -1032.70
16 0 2 60 1 4 16 0 4 1 -1396.62 -872.37
15 0 2 60 1 4 15 0 4 1 -1432.30 -872.37
14 0 2 60 1 4 14 0 4 1 -1403.44 -872.37
13 0 2 60 1 4 13 0 4 1 -1390.02 -872.37
12 0 2 60 1 4 12 0 4 1 -1350.81 -872.37
11 0 2 60 1 4 11 0 4 1 -1403.72 -872.37
10 0 2 60 1 4 10 0 4 1 -1370.36 -872.37
9 0 2 60 1 4 9 0 4 1 -1338.65 -872.37
8 0 2 60 1 4 8 0 4 1 -1262.62 -872.37
7 0 2 60 1 4 7 0 4 1 -1240.79 -872.37
6 0 2 60 1 4 6 0 4 1 -1220.40 -872.37
5 0 2 60 1 4 5 0 4 1 -1165.92 -872.37
4 0 2 60 1 4 4 0 4 1 -1074.86 -872.37
3 0 2 60 1 4 3 0 4 1 -1083.00 -872.37
2 0 2 60 1 4 2 0 4 1 -1003.92 -872.37
0 0 2 60 1 4 1 0 4 1 -601.12 -872.37
