KB MULADD LAT PREF NB MU NU KU FFTCH IFTCH NFTCH GEN-MFLOP SPC-MFLOP
80 0 4 0 80 4 1 80 1 2 2 -3772.51 -3197.71
79 0 4 0 80 4 1 79 1 2 2 -3773.61 -3194.62
78 0 4 0 80 4 1 78 1 2 2 -3773.89 -3272.75
77 0 4 0 80 4 1 77 1 2 2 -3773.05 -3194.87
76 0 4 0 80 4 1 76 1 2 2 -3773.64 -3195.60
75 0 4 0 80 4 1 75 1 2 2 -3774.46 -3186.05
74 0 4 0 80 4 1 74 1 2 2 -3774.02 -3176.06
73 0 4 0 80 4 1 73 1 2 2 -3773.55 -3262.31
72 0 4 0 80 4 1 72 1 2 2 -3773.12 -3164.54
71 0 4 0 80 4 1 71 1 2 2 -3772.55 -3160.61
70 0 4 0 80 4 1 70 1 2 2 -3772.29 -3155.77
69 0 4 0 80 4 1 69 1 2 2 -3771.43 -3088.15
68 0 4 0 80 4 1 68 1 2 2 -3770.48 -3173.53
67 0 4 0 80 4 1 67 1 2 2 -3770.42 -3133.06
66 0 4 0 80 4 1 66 1 2 2 -3770.13 -3180.74
65 0 4 0 80 4 1 65 1 2 2 -3769.53 -3165.49
64 0 4 0 80 4 1 64 1 2 2 -3769.36 -3251.45
63 0 4 0 80 4 1 63 1 2 2 -3768.17 -3219.29
62 0 4 0 80 4 1 62 1 2 2 -3767.49 -3165.12
61 0 4 0 80 4 1 61 1 2 2 -3766.31 -3205.61
60 0 4 0 80 4 1 60 1 2 2 -3764.18 -3033.94
59 0 4 0 80 4 1 59 1 2 2 -3762.92 -3143.24
58 0 4 0 80 4 1 58 1 2 2 -3763.89 -3090.33
57 0 4 0 80 4 1 57 1 2 2 -3762.73 -3016.72
56 0 4 0 80 4 1 56 1 2 2 -3762.09 -3075.01
55 0 4 0 80 4 1 55 1 2 2 -3761.12 -3115.76
54 0 4 0 80 4 1 54 1 2 2 -3760.37 -3069.12
53 0 4 0 80 4 1 53 1 2 2 -3759.59 -3097.83
52 0 4 0 80 4 1 52 1 2 2 -3759.06 -2993.39
51 0 4 0 80 4 1 51 1 2 2 -3757.58 -2988.44
50 0 4 0 80 4 1 50 1 2 2 -3756.80 -2981.73
49 0 4 0 80 4 1 49 1 2 2 -3756.92 -3034.91
48 0 4 0 80 4 1 48 1 2 2 -3755.19 -2965.93
47 0 4 0 80 4 1 47 1 2 2 -3754.00 -2963.25
46 0 4 0 80 4 1 46 1 2 2 -3752.56 -3027.06
45 0 4 0 80 4 1 45 1 2 2 -3750.28 -2946.65
44 0 4 0 80 4 1 44 1 2 2 -3748.56 -2962.88
43 0 4 0 80 4 1 43 1 2 2 -3747.76 -2912.03
42 0 4 0 80 4 1 42 1 2 2 -3746.31 -2977.88
41 0 4 0 80 4 1 41 1 2 2 -3744.72 -2983.20
40 0 4 0 80 4 1 40 1 2 2 -3743.28 -2944.92
39 0 4 0 80 4 1 39 1 2 2 -3740.81 -2848.42
38 0 4 0 80 4 1 38 1 2 2 -3738.82 -2930.15
37 0 4 0 80 4 1 37 1 2 2 -3736.59 -2716.66
36 0 4 0 80 4 1 36 1 2 2 -3734.61 -2791.76
35 0 4 0 80 4 1 35 1 2 2 -3731.76 -2807.67
34 0 4 0 80 4 1 34 1 2 2 -3728.91 -2828.59
33 0 4 0 80 4 1 33 1 2 2 -3726.86 -2826.98
32 0 4 0 80 4 1 32 1 2 2 -3723.14 -2817.82
31 0 4 0 80 4 1 31 1 2 2 -3720.72 -2941.40
30 0 4 0 80 4 1 30 1 2 2 -3716.94 -2929.76
29 0 4 0 80 4 1 29 1 2 2 -3711.81 -2923.66
28 0 4 0 80 4 1 28 1 2 2 -3708.10 -2916.11
27 0 4 0 80 4 1 27 1 2 2 -3704.71 -2899.24
26 0 4 0 80 4 1 26 1 2 2 -3700.12 -2891.50
25 0 4 0 80 4 1 25 1 2 2 -3696.23 -2885.98
24 0 4 0 80 4 1 24 1 2 2 -3690.86 -2867.21
23 0 4 0 80 4 1 23 1 2 2 -3684.31 -2857.31
22 0 4 0 80 4 1 22 1 2 2 -3679.62 -2843.32
21 0 4 0 80 4 1 21 1 2 2 -3673.30 -2824.63
20 0 4 0 80 4 1 20 1 2 2 -3665.87 -2818.48
19 0 4 0 80 4 1 19 1 2 2 -3645.98 -2799.47
18 0 4 0 80 4 1 18 1 2 2 -3648.64 -2767.98
17 0 4 0 80 4 1 17 1 2 2 -3640.67 -2756.10
16 0 4 0 80 4 1 16 1 2 2 -3627.00 -2511.43
15 0 4 0 80 4 1 15 1 2 2 -3600.01 -2707.77
14 0 4 0 80 4 1 14 1 2 2 -3603.22 -2668.55
13 0 4 0 80 4 1 13 1 2 2 -3586.17 -2592.67
12 0 4 0 80 4 1 12 1 2 2 -3565.34 -2525.52
11 0 4 0 80 4 1 11 1 2 2 -3549.07 -2448.50
10 0 4 0 80 4 1 10 1 2 2 -3522.08 -2344.48
9 0 4 0 80 4 1 9 1 2 2 -3495.79 -2266.22
8 0 4 0 80 4 1 8 1 2 2 -3459.42 -1955.42
7 0 4 0 80 4 1 7 1 2 2 -3414.05 -2016.77
6 0 4 0 80 4 1 6 1 2 2 -3354.01 -1883.29
5 0 4 0 80 4 1 5 1 2 2 -3276.30 -1834.76
4 0 4 0 80 4 1 4 1 2 2 -3166.51 -1834.76
3 0 4 0 80 4 1 3 1 2 2 -3001.44 -1834.76
2 0 4 0 80 4 1 2 1 2 2 -2717.89 -1834.76
1 0 4 0 80 4 1 1 1 2 2 -2118.10 -1834.76
0 0 4 0 80 4 1 1 1 2 2 -2118.10 -1834.76
