KB MULADD LAT PREF NB MU NU KU FFTCH IFTCH NFTCH GEN-MFLOP SPC-MFLOP
52 1 3 0 52 6 1 52 0 7 1 -3646.19 -2956.67
51 1 3 0 52 6 1 51 0 7 1 -3643.23 -2963.08
50 1 3 0 52 6 1 50 0 7 1 -3645.47 -2967.08
49 1 3 0 52 6 1 49 0 7 1 -3640.68 -3025.35
48 1 3 0 52 6 1 48 0 7 1 -3644.66 -3076.23
47 1 3 0 52 6 1 47 0 7 1 -3641.47 -2690.86
46 1 3 0 52 6 1 46 0 7 1 -3640.30 -2694.27
45 1 3 0 52 6 1 45 0 7 1 -3636.87 -2713.00
44 1 3 0 52 6 1 44 0 7 1 -3638.80 -2715.53
43 1 3 0 52 6 1 43 0 7 1 -3636.46 -2601.01
42 1 3 0 52 6 1 42 0 7 1 -3636.77 -2738.90
41 1 3 0 52 6 1 41 0 7 1 -3630.80 -2733.61
40 1 3 0 52 6 1 40 0 7 1 -3627.25 -2745.41
39 1 3 0 52 6 1 39 0 7 1 -3627.34 -2672.91
38 1 3 0 52 6 1 38 0 7 1 -3627.52 -2694.66
37 1 3 0 52 6 1 37 0 7 1 -3619.00 -2770.08
36 1 3 0 52 6 1 36 0 7 1 -3620.46 -2778.47
35 1 3 0 52 6 1 35 0 7 1 -3621.27 -2789.67
34 1 3 0 52 6 1 34 0 7 1 -3620.57 -2788.52
33 1 3 0 52 6 1 33 0 7 1 -3608.26 -2849.38
32 1 3 0 52 6 1 32 0 7 1 -3606.75 -2918.88
31 1 3 0 52 6 1 31 0 7 1 -3601.33 -2581.47
30 1 3 0 52 6 1 30 0 7 1 -3603.39 -2581.47
29 1 3 0 52 6 1 29 0 7 1 -3592.79 -2581.47
28 1 3 0 52 6 1 28 0 7 1 -3592.70 -2581.47
27 1 3 0 52 6 1 27 0 7 1 -3584.32 -2581.47
26 1 3 0 52 6 1 26 0 7 1 -3583.08 -2581.47
25 1 3 0 52 6 1 25 0 7 1 -3566.29 -2581.47
24 1 3 0 52 6 1 24 0 7 1 -3563.09 -2581.47
23 1 3 0 52 6 1 23 0 7 1 -3552.74 -2581.47
22 1 3 0 52 6 1 22 0 7 1 -3544.92 -2581.47
21 1 3 0 52 6 1 21 0 7 1 -3532.38 -2581.47
20 1 3 0 52 6 1 20 0 7 1 -3522.34 -2581.47
19 1 3 0 52 6 1 19 0 7 1 -3504.42 -2581.47
18 1 3 0 52 6 1 18 0 7 1 -3486.49 -2581.47
17 1 3 0 52 6 1 17 0 7 1 -3464.91 -2581.47
16 1 3 0 52 6 1 16 0 7 1 -3444.53 -2581.47
15 1 3 0 52 6 1 15 0 7 1 -3433.72 -2807.31
14 1 3 0 52 6 1 14 0 7 1 -3404.97 -2795.87
13 1 3 0 52 6 1 13 0 7 1 -3373.91 -2742.18
12 1 3 0 52 6 1 12 0 7 1 -3353.30 -2639.43
11 1 3 0 52 6 1 11 0 7 1 -3310.38 -2602.23
10 1 3 0 52 6 1 10 0 7 1 -3266.85 -2581.47
9 1 3 0 52 6 1 9 0 7 1 -3207.97 -2581.47
8 1 3 0 52 6 1 8 0 7 1 -3138.41 -2581.47
7 1 3 0 52 6 1 7 0 7 1 -3047.94 -2581.47
6 1 3 0 52 6 1 6 0 7 1 -2943.95 -2581.47
5 1 3 0 52 6 1 5 0 7 1 -2824.18 -2581.47
4 1 3 0 52 6 1 4 0 7 1 -2679.13 -2581.47
0 1 3 0 52 6 1 1 0 7 1 -2431.08 -2581.47
