 KB  MULADD  LAT  NB  MU  NU  KU  FFTCH  IFTCH  NFTCH  GEN-MFLOP  SPC-MFLOP
 72       1    1  72   5   4  72      0      8      1    -263.47    -259.41
 71       1    1  72   5   4  71      0      8      1    -260.07    -255.14
 70       1    1  72   5   4  70      0      8      1    -260.77    -256.79
 69       1    1  72   5   4  69      0      8      1    -259.37    -254.45
 68       1    1  72   5   4  68      0      8      1    -263.76    -257.70
 67       1    1  72   5   4  67      0      8      1    -260.90    -255.95
 66       1    1  72   5   4  66      0      8      1    -260.98    -255.05
 65       1    1  72   5   4  65      0      8      1    -257.95    -252.15
 64       1    1  72   5   4  64      0      8      1    -263.86    -257.79
 63       1    1  72   5   4  63      0      8      1    -258.52    -253.64
 62       1    1  72   5   4  62      0      8      1    -260.86    -254.93
 61       1    1  72   5   4  61      0      8      1    -259.07    -255.14
 60       1    1  72   5   4  60      0      8      1    -262.15    -258.13
 59       1    1  72   5   4  59      0      8      1    -261.07    -254.16
 58       1    1  72   5   4  58      0      8      1    -259.82    -252.98
 57       1    1  72   5   4  57      0      8      1    -258.13    -252.33
 56       1    1  72   5   4  56      0      8      1    -263.66    -256.63
 55       1    1  72   5   4  55      0      8      1    -257.59    -251.80
 54       1    1  72   5   4  54      0      8      1    -258.06    -252.26
 53       1    1  72   5   4  53      0      8      1    -257.70    -250.97
 52       1    1  72   5   4  52      0      8      1    -261.81    -254.86
 51       1    1  72   5   4  51      0      8      1    -257.70    -250.97
 50       1    1  72   5   4  50      0      8      1    -260.01    -252.21
 49       1    1  72   5   4  49      0      8      1    -255.17    -249.50
 48       1    1  72   5   4  48      0      8      1    -260.98    -255.05
 47       1    1  72   5   4  47      0      8      1    -255.70    -249.06
 46       1    1  72   5   4  46      0      8      1    -257.65    -251.86
 45       1    1  72   5   4  45      0      8      1    -256.97    -249.35
 44       1    1  72   5   4  44      0      8      1    -258.98    -252.19
 43       1    1  72   5   4  43      0      8      1    -254.83    -249.17
 42       1    1  72   5   4  42      0      8      1    -255.82    -249.18
 41       1    1  72   5   4  41      0      8      1    -253.14    -246.64
 40       1    1  72   5   4  40      0      8      1    -257.89    -250.23
 39       1    1  72   5   4  39      0      8      1    -252.15    -244.82
 38       1    1  72   5   4  38      0      8      1    -254.24    -247.70
 37       1    1  72   5   4  37      0      8      1    -253.11    -245.72
 36       1    1  72   5   4  36      0      8      1    -255.89    -248.33
 35       1    1  72   5   4  35      0      8      1    -251.04    -243.76
 34       1    1  72   5   4  34      0      8      1    -254.21    -244.08
 33       1    1  72   5   4  33      0      8      1    -249.38    -241.34
 32       1    1  72   5   4  32      0      8      1    -252.00    -246.46
 31       1    1  72   5   4  31      0      8      1    -249.27    -242.10
 30       1    1  72   5   4  30      0      8      1    -249.52    -244.10
 29       1    1  72   5   4  29      0      8      1    -247.73    -241.51
 28       1    1  72   5   4  28      0      8      1    -251.21    -244.81
 27       1    1  72   5   4  27      0      8      1    -247.63    -239.70
 26       1    1  72   5   4  26      0      8      1    -246.76    -239.74
 25       1    1  72   5   4  25      0      8      1    -243.11    -237.96
 24       1    1  72   5   4  24      0      8      1    -246.64    -239.63
 23       1    1  72   5   4  23      0      8      1    -243.03    -236.20
 22       1    1  72   5   4  22      0      8      1    -243.96    -236.26
 21       1    1  72   5   4  21      0      8      1    -243.12    -235.47
 20       1    1  72   5   4  20      0      8      1    -244.99    -235.57
 19       1    1  72   5   4  19      0      8      1    -240.62    -232.32
 18       1    1  72   5   4  18      0      8      1    -240.55    -231.45
 17       1    1  72   5   4  17      0      8      1    -239.74    -229.15
 16       1    1  72   5   4  16      0      8      1    -241.34    -232.99
 15       1    1  72   5   4  15      0      8      1    -237.23    -228.38
 14       1    1  72   5   4  14      0      8      1    -238.88    -228.36
 13       1    1  72   5   4  13      0      8      1    -236.37    -225.46
 12       1    1  72   5   4  12      0      8      1    -238.07    -226.84
 11       1    1  72   5   4  11      0      8      1    -234.74    -225.46
 10       1    1  72   5   4  10      0      8      1    -231.52    -225.46
  0       1    1  72   5   4   1      0      8      1    -227.64    -225.46
