KB MULADD LAT PREF NB MU NU KU FFTCH IFTCH NFTCH GEN-MFLOP SPC-MFLOP
72 1 5 1 72 12 1 8 1 5 2 -6615.41 -6441.25
71 1 5 1 72 12 1 8 1 5 2 -6606.29 -6441.25
70 1 5 1 72 12 1 8 1 5 2 -6600.60 -6441.25
69 1 5 1 72 12 1 8 1 5 2 -6608.43 -6441.25
68 1 5 1 72 12 1 8 1 5 2 -6588.04 -6441.25
67 1 5 1 72 12 1 8 1 5 2 -6603.49 -6441.25
66 1 5 1 72 12 1 8 1 5 2 -6600.28 -6441.25
65 1 5 1 72 12 1 8 1 5 2 -6600.28 -6441.25
64 1 5 1 72 12 1 8 1 5 2 -6539.01 -6441.25
63 1 5 1 72 12 1 8 1 5 2 -6591.81 -6441.25
62 1 5 1 72 12 1 8 1 5 2 -6594.02 -6441.25
61 1 5 1 72 12 1 8 1 5 2 -6596.56 -6441.25
60 1 5 1 72 12 1 8 1 5 2 -6587.98 -6441.25
59 1 5 1 72 12 1 8 1 5 2 -6592.26 -6441.25
58 1 5 1 72 12 1 8 1 5 2 -6587.50 -6441.25
57 1 5 1 72 12 1 8 1 5 2 -6591.06 -6441.25
56 1 5 1 72 12 1 8 1 5 2 -6589.93 -6441.25
55 1 5 1 72 12 1 8 1 5 2 -6579.73 -6441.25
54 1 5 1 72 12 1 8 1 5 2 -6585.02 -6441.25
53 1 5 1 72 12 1 8 1 5 2 -6584.22 -6441.25
52 1 5 1 72 12 1 8 1 5 2 -6575.50 -6441.25
51 1 5 1 72 12 1 8 1 5 2 -6573.22 -6441.25
50 1 5 1 72 12 1 8 1 5 2 -6567.90 -6441.25
49 1 5 1 72 12 1 8 1 5 2 -6575.55 -6441.25
0 1 5 1 72 12 1 1 1 5 2 -6493.80 -6441.25
