KB MULADD LAT PREF NB MU NU KU FFTCH IFTCH NFTCH GEN-MFLOP SPC-MFLOP
24 1 7 0 24 3 1 24 1 2 1 -6509.27 -5122.62
23 1 7 0 24 3 1 23 1 2 1 -6564.81 -5316.33
22 1 7 0 24 3 1 22 1 2 1 -6564.95 -4804.76
21 1 7 0 24 3 1 21 1 2 1 -6559.48 -5194.28
20 1 7 0 24 3 1 20 1 2 1 -6558.23 -4883.40
19 1 7 0 24 3 1 19 1 2 1 -6542.63 -5056.71
18 1 7 0 24 3 1 18 1 2 1 -6542.48 -4724.81
17 1 7 0 24 3 1 17 1 2 1 -6503.42 -4893.85
16 1 7 0 24 3 1 16 1 2 1 -6308.67 -4685.48
15 1 7 0 24 3 1 15 1 2 1 -6495.21 -4768.44
14 1 7 0 24 3 1 14 1 2 1 -6507.25 -4578.70
13 1 7 0 24 3 1 13 1 2 1 -6482.58 -4578.70
12 1 7 0 24 3 1 12 1 2 1 -6454.39 -4578.70
11 1 7 0 24 3 1 11 1 2 1 -6413.56 -4578.70
10 1 7 0 24 3 1 10 1 2 1 -6308.97 -4578.70
9 1 7 0 24 3 1 9 1 2 1 -6281.26 -4578.70
8 1 7 0 24 3 1 8 1 2 1 -6221.63 -4578.70
7 1 7 0 24 3 1 7 1 2 1 -6195.40 -4578.70
6 1 7 0 24 3 1 6 1 2 1 -5861.99 -4578.70
5 1 7 0 24 3 1 5 1 2 1 -5720.13 -4578.70
4 1 7 0 24 3 1 4 1 2 1 -5477.28 -4578.70
3 1 7 0 24 3 1 3 1 2 1 -4855.26 -4578.70
2 1 7 0 24 3 1 2 1 2 1 -4626.87 -4578.70
0 1 7 0 24 3 1 1 1 2 1 -3416.39 -4578.70
