 KB  MULADD  LAT  NB  MU  NU  KU  FFTCH  IFTCH  NFTCH  GEN-MFLOP  SPC-MFLOP
 72       0    1  72   1   6  72      0      7      1    -689.30    -371.78
 71       0    1  72   1   6  71      0      7      1    -696.93    -364.96
 70       0    1  72   1   6  70      0      7      1    -696.79    -366.04
 69       0    1  72   1   6  69      0      7      1    -688.72    -359.66
 68       0    1  72   1   6  68      0      7      1    -685.49    -359.31
 67       0    1  72   1   6  67      0      7      1    -679.61    -352.05
 66       0    1  72   1   6  66      0      7      1    -676.53    -352.84
 65       0    1  72   1   6  65      0      7      1    -675.01    -369.42
 64       0    1  72   1   6  64      0      7      1    -666.72    -363.61
 63       0    1  72   1   6  63      0      7      1    -676.75    -359.11
 62       0    1  72   1   6  62      0      7      1    -672.32    -357.46
 61       0    1  72   1   6  61      0      7      1    -677.11    -370.30
 60       0    1  72   1   6  60      0      7      1    -669.52    -359.11
 59       0    1  72   1   6  59      0      7      1    -671.20    -349.47
 58       0    1  72   1   6  58      0      7      1    -667.75    -349.65
 57       0    1  72   1   6  57      0      7      1    -678.47    -353.30
 56       0    1  72   1   6  56      0      7      1    -674.31    -354.34
 55       0    1  72   1   6  55      0      7      1    -674.53    -351.23
 54       0    1  72   1   6  54      0      7      1    -676.75    -348.46
 53       0    1  72   1   6  53      0      7      1    -680.96    -346.24
 52       0    1  72   1   6  52      0      7      1    -672.45    -346.76
 51       0    1  72   1   6  51      0      7      1    -673.24    -340.38
 50       0    1  72   1   6  50      0      7      1    -671.23    -337.96
 49       0    1  72   1   6  49      0      7      1    -673.06    -355.77
 48       0    1  72   1   6  48      0      7      1    -679.14    -352.56
 47       0    1  72   1   6  47      0      7      1    -670.40    -352.24
 46       0    1  72   1   6  46      0      7      1    -672.88    -348.99
 45       0    1  72   1   6  45      0      7      1    -681.80    -349.85
 44       0    1  72   1   6  44      0      7      1    -677.99    -343.48
 43       0    1  72   1   6  43      0      7      1    -675.54    -344.67
 42       0    1  72   1   6  42      0      7      1    -679.25    -343.45
 41       0    1  72   1   6  41      0      7      1    -684.49    -342.92
 40       0    1  72   1   6  40      0      7      1    -676.75    -340.22
 39       0    1  72   1   6  39      0      7      1    -677.34    -338.77
 38       0    1  72   1   6  38      0      7      1    -679.32    -333.13
 37       0    1  72   1   6  37      0      7      1    -684.72    -333.99
 36       0    1  72   1   6  36      0      7      1    -674.31    -331.82
 35       0    1  72   1   6  35      0      7      1    -676.75    -325.52
 34       0    1  72   1   6  34      0      7      1    -677.14    -320.80
 33       0    1  72   1   6  33      0      7      1    -678.87    -332.91
 32       0    1  72   1   6  32      0      7      1    -675.98    -334.58
 31       0    1  72   1   6  31      0      7      1    -672.22    -331.65
 30       0    1  72   1   6  30      0      7      1    -664.74    -332.40
 29       0    1  72   1   6  29      0      7      1    -671.37    -329.41
 28       0    1  72   1   6  28      0      7      1    -667.13    -326.17
 27       0    1  72   1   6  27      0      7      1    -669.52    -324.44
 26       0    1  72   1   6  26      0      7      1    -672.45    -317.15
 25       0    1  72   1   6  25      0      7      1    -662.62    -318.43
 24       0    1  72   1   6  24      0      7      1    -664.79    -314.16
 23       0    1  72   1   6  23      0      7      1    -664.44    -306.81
 22       0    1  72   1   6  22      0      7      1    -669.21    -301.04
 21       0    1  72   1   6  21      0      7      1    -662.45    -301.50
 20       0    1  72   1   6  20      0      7      1    -662.45    -293.57
 19       0    1  72   1   6  19      0      7      1    -660.28    -280.93
 18       0    1  72   1   6  18      0      7      1    -657.77    -274.34
 17       0    1  72   1   6  17      0      7      1    -655.91    -304.22
 16       0    1  72   1   6  16      0      7      1    -648.74    -301.05
 15       0    1  72   1   6  15      0      7      1    -646.50    -294.56
 14       0    1  72   1   6  14      0      7      1    -642.05    -292.61
 13       0    1  72   1   6  13      0      7      1    -638.21    -282.38
 12       0    1  72   1   6  12      0      7      1    -633.94    -275.34
 11       0    1  72   1   6  11      0      7      1    -625.19    -262.86
 10       0    1  72   1   6  10      0      7      1    -623.41    -253.04
  9       0    1  72   1   6   9      0      7      1    -601.38    -238.31
  8       0    1  72   1   6   8      0      7      1    -588.19    -230.95
  7       0    1  72   1   6   7      0      7      1    -553.55    -212.69
  6       0    1  72   1   6   6      0      7      1    -528.85    -195.12
  5       0    1  72   1   6   5      0      7      1    -500.65    -170.37
  4       0    1  72   1   6   4      0      7      1    -450.40    -149.20
  3       0    1  72   1   6   3      0      7      1    -381.88    -111.94
  2       0    1  72   1   6   2      0      7      1    -291.96    -106.00
  1       0    1  72   1   6   1      0      7      1    -169.94    -106.00
  0       0    1  72   1   6   1      0      7      1    -169.94    -106.00
