KB MULADD LAT PREF NB MU NU KU FFTCH IFTCH NFTCH GEN-MFLOP SPC-MFLOP
120 0 4 1 120 4 1 120 1 5 1 -4167.15 -3008.03
119 0 4 1 120 4 1 119 1 5 1 -4139.18 -2994.18
118 0 4 1 120 4 1 118 1 5 1 -4165.67 -2980.58
117 0 4 1 120 4 1 117 1 5 1 -4140.56 -2922.90
116 0 4 1 120 4 1 116 1 5 1 -4147.68 -2920.95
115 0 4 1 120 4 1 115 1 5 1 -4153.47 -2913.32
114 0 4 1 120 4 1 114 1 5 1 -4106.69 -2939.90
113 0 4 1 120 4 1 113 1 5 1 -4130.61 -2915.81
112 0 4 1 120 4 1 112 1 5 1 -4109.73 -2902.50
111 0 4 1 120 4 1 111 1 5 1 -4082.47 -2886.32
110 0 4 1 120 4 1 110 1 5 1 -4086.32 -2907.88
109 0 4 1 120 4 1 109 1 5 1 -4068.03 -3112.91
108 0 4 1 120 4 1 108 1 5 1 -4049.31 -3258.80
107 0 4 1 120 4 1 107 1 5 1 -4046.35 -3295.28
106 0 4 1 120 4 1 106 1 5 1 -4038.22 -3382.77
105 0 4 1 120 4 1 105 1 5 1 -4005.96 -3391.24
104 0 4 1 120 4 1 104 1 5 1 -4012.19 -3382.74
103 0 4 1 120 4 1 103 1 5 1 -4006.43 -3358.71
102 0 4 1 120 4 1 102 1 5 1 -4068.88 -3345.05
101 0 4 1 120 4 1 101 1 5 1 -4167.42 -3267.95
100 0 4 1 120 4 1 100 1 5 1 -4369.73 -3260.01
99 0 4 1 120 4 1 99 1 5 1 -4443.12 -3246.20
98 0 4 1 120 4 1 98 1 5 1 -4446.06 -3274.36
97 0 4 1 120 4 1 97 1 5 1 -4420.59 -3233.10
96 0 4 1 120 4 1 96 1 5 1 -3569.89 -3119.80
95 0 4 1 120 4 1 95 1 5 1 -4489.30 -3204.51
94 0 4 1 120 4 1 94 1 5 1 -4479.80 -3190.64
93 0 4 1 120 4 1 93 1 5 1 -4501.91 -3178.38
92 0 4 1 120 4 1 92 1 5 1 -4504.26 -3154.44
91 0 4 1 120 4 1 91 1 5 1 -4528.02 -3137.37
90 0 4 1 120 4 1 90 1 5 1 -4497.91 -3111.56
89 0 4 1 120 4 1 89 1 5 1 -4506.13 -3094.23
88 0 4 1 120 4 1 88 1 5 1 -4507.97 -3066.95
87 0 4 1 120 4 1 87 1 5 1 -4504.58 -3045.38
86 0 4 1 120 4 1 86 1 5 1 -4477.92 -3031.46
85 0 4 1 120 4 1 85 1 5 1 -4489.64 -2959.28
84 0 4 1 120 4 1 84 1 5 1 -4502.22 -2945.73
83 0 4 1 120 4 1 83 1 5 1 -4503.13 -2934.57
82 0 4 1 120 4 1 82 1 5 1 -4485.32 -3554.84
81 0 4 1 120 4 1 81 1 5 1 -4493.92 -3660.17
80 0 4 1 120 4 1 80 1 5 1 -4489.50 -3671.31
79 0 4 1 120 4 1 79 1 5 1 -4485.93 -3690.74
78 0 4 1 120 4 1 78 1 5 1 -4495.21 -3700.73
77 0 4 1 120 4 1 77 1 5 1 -4489.64 -3672.02
76 0 4 1 120 4 1 76 1 5 1 -4462.93 -3676.40
75 0 4 1 120 4 1 75 1 5 1 -4470.04 -3647.42
74 0 4 1 120 4 1 74 1 5 1 -4504.66 -3645.36
73 0 4 1 120 4 1 73 1 5 1 -4523.53 -3645.14
72 0 4 1 120 4 1 72 1 5 1 -4531.91 -3658.16
71 0 4 1 120 4 1 71 1 5 1 -4539.20 -3645.39
70 0 4 1 120 4 1 70 1 5 1 -4533.40 -3650.57
69 0 4 1 120 4 1 69 1 5 1 -4536.63 -3453.63
68 0 4 1 120 4 1 68 1 5 1 -4545.36 -3475.48
67 0 4 1 120 4 1 67 1 5 1 -4530.77 -3503.42
66 0 4 1 120 4 1 66 1 5 1 -4496.97 -3670.01
65 0 4 1 120 4 1 65 1 5 1 -4449.14 -3591.51
64 0 4 1 120 4 1 64 1 5 1 -3962.76 -3388.31
63 0 4 1 120 4 1 63 1 5 1 -4498.44 -3606.54
62 0 4 1 120 4 1 62 1 5 1 -4500.92 -3631.50
61 0 4 1 120 4 1 61 1 5 1 -4501.20 -3610.35
60 0 4 1 120 4 1 60 1 5 1 -4520.39 -3607.70
59 0 4 1 120 4 1 59 1 5 1 -4533.40 -3598.02
58 0 4 1 120 4 1 58 1 5 1 -4520.26 -3567.79
57 0 4 1 120 4 1 57 1 5 1 -4521.85 -3546.99
56 0 4 1 120 4 1 56 1 5 1 -4513.88 -3555.83
55 0 4 1 120 4 1 55 1 5 1 -4510.46 -3528.00
54 0 4 1 120 4 1 54 1 5 1 -4478.12 -3523.32
53 0 4 1 120 4 1 53 1 5 1 -4481.22 -3309.25
52 0 4 1 120 4 1 52 1 5 1 -4498.18 -3327.73
51 0 4 1 120 4 1 51 1 5 1 -4488.40 -3351.75
50 0 4 1 120 4 1 50 1 5 1 -4464.12 -3630.73
49 0 4 1 120 4 1 49 1 5 1 -4486.92 -3569.61
48 0 4 1 120 4 1 48 1 5 1 -4487.27 -3544.56
47 0 4 1 120 4 1 47 1 5 1 -4482.71 -3516.86
46 0 4 1 120 4 1 46 1 5 1 -4476.02 -3497.47
45 0 4 1 120 4 1 45 1 5 1 -4481.68 -3474.14
44 0 4 1 120 4 1 44 1 5 1 -4431.34 -3449.02
43 0 4 1 120 4 1 43 1 5 1 -4439.65 -3395.10
42 0 4 1 120 4 1 42 1 5 1 -4457.25 -3400.81
41 0 4 1 120 4 1 41 1 5 1 -4463.38 -3379.08
40 0 4 1 120 4 1 40 1 5 1 -4448.44 -3364.70
39 0 4 1 120 4 1 39 1 5 1 -4450.99 -3338.20
38 0 4 1 120 4 1 38 1 5 1 -4433.74 -3327.29
37 0 4 1 120 4 1 37 1 5 1 -4430.20 -3038.16
36 0 4 1 120 4 1 36 1 5 1 -4439.04 -3035.49
35 0 4 1 120 4 1 35 1 5 1 -4418.84 -3067.62
34 0 4 1 120 4 1 34 1 5 1 -4358.61 -3369.11
33 0 4 1 120 4 1 33 1 5 1 -4300.21 -3267.40
32 0 4 1 120 4 1 32 1 5 1 -3854.68 -3079.59
31 0 4 1 120 4 1 31 1 5 1 -4347.11 -3265.95
30 0 4 1 120 4 1 30 1 5 1 -4364.44 -3250.81
29 0 4 1 120 4 1 29 1 5 1 -4341.16 -3241.85
28 0 4 1 120 4 1 28 1 5 1 -4341.15 -3184.79
27 0 4 1 120 4 1 27 1 5 1 -4322.70 -3159.88
26 0 4 1 120 4 1 26 1 5 1 -4330.57 -3118.53
25 0 4 1 120 4 1 25 1 5 1 -4263.35 -3062.12
24 0 4 1 120 4 1 24 1 5 1 -4253.52 -3044.59
23 0 4 1 120 4 1 23 1 5 1 -4267.32 -2980.89
22 0 4 1 120 4 1 22 1 5 1 -4201.43 -2940.82
21 0 4 1 120 4 1 21 1 5 1 -4209.04 -2574.81
20 0 4 1 120 4 1 20 1 5 1 -4215.43 -2553.48
19 0 4 1 120 4 1 19 1 5 1 -4186.95 -2597.51
18 0 4 1 120 4 1 18 1 5 1 -4128.98 -3004.78
17 0 4 1 120 4 1 17 1 5 1 -4103.81 -2865.96
16 0 4 1 120 4 1 16 1 5 1 -4063.47 -2802.73
15 0 4 1 120 4 1 15 1 5 1 -4037.58 -2768.58
14 0 4 1 120 4 1 14 1 5 1 -3999.42 -2666.24
13 0 4 1 120 4 1 13 1 5 1 -3921.89 -2541.10
12 0 4 1 120 4 1 12 1 5 1 -3834.43 -2520.78
11 0 4 1 120 4 1 11 1 5 1 -3741.53 -2373.13
10 0 4 1 120 4 1 10 1 5 1 -3733.84 -2265.51
9 0 4 1 120 4 1 9 1 5 1 -3572.51 -2171.30
8 0 4 1 120 4 1 8 1 5 1 -3563.27 -2006.78
7 0 4 1 120 4 1 7 1 5 1 -3265.68 -1911.09
6 0 4 1 120 4 1 6 1 5 1 -3214.32 -1763.01
5 0 4 1 120 4 1 5 1 5 1 -3112.12 -1539.62
4 0 4 1 120 4 1 4 1 5 1 -2842.08 -1178.99
3 0 4 1 120 4 1 3 1 5 1 -2581.60 -1178.99
2 0 4 1 120 4 1 2 1 5 1 -2119.94 -1178.99
1 0 4 1 120 4 1 1 1 5 1 -1332.11 -1178.99
0 0 4 1 120 4 1 1 1 5 1 -1332.11 -1178.99
