KB MULADD LAT PREF NB MU NU KU FFTCH IFTCH NFTCH GEN-MFLOP SPC-MFLOP
60 0 4 1 60 4 1 60 1 4 1 -4230.33 -3557.16
59 0 4 1 60 4 1 59 1 4 1 -4241.24 -3558.41
58 0 4 1 60 4 1 58 1 4 1 -4190.01 -3531.47
57 0 4 1 60 4 1 57 1 4 1 -4224.20 -3534.87
56 0 4 1 60 4 1 56 1 4 1 -4194.34 -3540.15
55 0 4 1 60 4 1 55 1 4 1 -4213.48 -3539.19
54 0 4 1 60 4 1 54 1 4 1 -4168.73 -3493.07
53 0 4 1 60 4 1 53 1 4 1 -4231.30 -3496.58
52 0 4 1 60 4 1 52 1 4 1 -4211.02 -3453.62
51 0 4 1 60 4 1 51 1 4 1 -4196.52 -3491.95
50 0 4 1 60 4 1 50 1 4 1 -4194.84 -3456.20
49 0 4 1 60 4 1 49 1 4 1 -4110.09 -3404.61
48 0 4 1 60 4 1 48 1 4 1 -3793.48 -3176.09
47 0 4 1 60 4 1 47 1 4 1 -4152.08 -3422.95
46 0 4 1 60 4 1 46 1 4 1 -4148.99 -3417.99
45 0 4 1 60 4 1 45 1 4 1 -4162.01 -3376.53
44 0 4 1 60 4 1 44 1 4 1 -4167.84 -3330.57
43 0 4 1 60 4 1 43 1 4 1 -4140.09 -3312.18
42 0 4 1 60 4 1 42 1 4 1 -4156.15 -3358.27
41 0 4 1 60 4 1 41 1 4 1 -4139.71 -3306.05
40 0 4 1 60 4 1 40 1 4 1 -4139.79 -3262.41
39 0 4 1 60 4 1 39 1 4 1 -4157.72 -3306.55
38 0 4 1 60 4 1 38 1 4 1 -4129.47 -3255.72
37 0 4 1 60 4 1 37 1 4 1 -4173.47 -3244.00
36 0 4 1 60 4 1 36 1 4 1 -4163.48 -3235.02
35 0 4 1 60 4 1 35 1 4 1 -4165.05 -3259.36
34 0 4 1 60 4 1 34 1 4 1 -4166.93 -3213.07
33 0 4 1 60 4 1 33 1 4 1 -4108.69 -3164.45
32 0 4 1 60 4 1 32 1 4 1 -3753.34 -3081.72
31 0 4 1 60 4 1 31 1 4 1 -4121.62 -3267.17
30 0 4 1 60 4 1 30 1 4 1 -4157.77 -3230.26
29 0 4 1 60 4 1 29 1 4 1 -4139.14 -3266.37
28 0 4 1 60 4 1 28 1 4 1 -4148.69 -3208.32
27 0 4 1 60 4 1 27 1 4 1 -4150.57 -3199.05
26 0 4 1 60 4 1 26 1 4 1 -4130.28 -3129.12
25 0 4 1 60 4 1 25 1 4 1 -4100.71 -3131.39
24 0 4 1 60 4 1 24 1 4 1 -4104.88 -3081.34
23 0 4 1 60 4 1 23 1 4 1 -4101.18 -3030.80
22 0 4 1 60 4 1 22 1 4 1 -4097.04 -2969.39
21 0 4 1 60 4 1 21 1 4 1 -4091.56 -2946.89
20 0 4 1 60 4 1 20 1 4 1 -4105.93 -2898.22
19 0 4 1 60 4 1 19 1 4 1 -4045.36 -2885.09
18 0 4 1 60 4 1 18 1 4 1 -4034.34 -2832.48
17 0 4 1 60 4 1 17 1 4 1 -3950.87 -2754.44
16 0 4 1 60 4 1 16 1 4 1 -3702.95 -2614.65
15 0 4 1 60 4 1 15 1 4 1 -3961.16 -2614.47
14 0 4 1 60 4 1 14 1 4 1 -3904.51 -2550.39
13 0 4 1 60 4 1 13 1 4 1 -3863.20 -2494.12
12 0 4 1 60 4 1 12 1 4 1 -3922.34 -2451.64
11 0 4 1 60 4 1 11 1 4 1 -3792.84 -2315.07
10 0 4 1 60 4 1 10 1 4 1 -3711.93 -2232.19
9 0 4 1 60 4 1 9 1 4 1 -3631.25 -2119.87
8 0 4 1 60 4 1 8 1 4 1 -3615.90 -2014.76
7 0 4 1 60 4 1 7 1 4 1 -3463.55 -1875.71
6 0 4 1 60 4 1 6 1 4 1 -3403.84 -1740.42
5 0 4 1 60 4 1 5 1 4 1 -3246.75 -1637.29
4 0 4 1 60 4 1 4 1 4 1 -3012.50 -1110.72
3 0 4 1 60 4 1 3 1 4 1 -2783.95 -1174.72
2 0 4 1 60 4 1 2 1 4 1 -2393.45 -1021.01
1 0 4 1 60 4 1 1 1 4 1 -1625.13 -880.97
0 0 4 1 60 4 1 1 1 4 1 -1625.13 -880.97
