KB MULADD LAT PREF NB MU NU KU FFTCH IFTCH NFTCH GEN-MFLOP SPC-MFLOP
120 0 1 1 120 5 1 120 1 5 1 -4278.85 -2490.97
119 0 1 1 120 5 1 119 1 5 1 -4273.52 -2468.06
118 0 1 1 120 5 1 118 1 5 1 -4244.74 -2443.58
117 0 1 1 120 5 1 117 1 5 1 -4250.55 -2423.47
116 0 1 1 120 5 1 116 1 5 1 -4248.05 -2409.39
115 0 1 1 120 5 1 115 1 5 1 -4264.66 -2391.45
114 0 1 1 120 5 1 114 1 5 1 -4237.64 -2370.36
113 0 1 1 120 5 1 113 1 5 1 -4261.57 -2396.20
112 0 1 1 120 5 1 112 1 5 1 -4253.43 -2812.07
111 0 1 1 120 5 1 111 1 5 1 -4239.12 -3242.67
110 0 1 1 120 5 1 110 1 5 1 -4316.13 -3227.26
109 0 1 1 120 5 1 109 1 5 1 -4259.55 -3203.34
108 0 1 1 120 5 1 108 1 5 1 -4271.39 -3170.78
107 0 1 1 120 5 1 107 1 5 1 -4229.73 -3143.57
106 0 1 1 120 5 1 106 1 5 1 -4274.10 -3119.06
105 0 1 1 120 5 1 105 1 5 1 -4137.59 -3083.18
104 0 1 1 120 5 1 104 1 5 1 -4196.30 -3068.83
103 0 1 1 120 5 1 103 1 5 1 -4238.72 -3037.06
102 0 1 1 120 5 1 102 1 5 1 -4378.86 -3002.14
101 0 1 1 120 5 1 101 1 5 1 -4455.42 -2969.94
100 0 1 1 120 5 1 100 1 5 1 -4546.35 -2953.57
99 0 1 1 120 5 1 99 1 5 1 -3994.67 -2917.22
98 0 1 1 120 5 1 98 1 5 1 -4070.06 -2898.95
97 0 1 1 120 5 1 97 1 5 1 -4021.57 -2872.17
96 0 1 1 120 5 1 96 1 5 1 -3801.70 -2841.56
95 0 1 1 120 5 1 95 1 5 1 -4200.56 -2810.80
94 0 1 1 120 5 1 94 1 5 1 -4272.30 -2781.01
93 0 1 1 120 5 1 93 1 5 1 -4308.45 -2758.78
92 0 1 1 120 5 1 92 1 5 1 -4544.04 -2726.42
91 0 1 1 120 5 1 91 1 5 1 -4552.19 -2702.63
90 0 1 1 120 5 1 90 1 5 1 -4544.37 -2671.30
89 0 1 1 120 5 1 89 1 5 1 -4523.64 -2638.29
88 0 1 1 120 5 1 88 1 5 1 -4555.57 -2619.57
87 0 1 1 120 5 1 87 1 5 1 -4541.61 -2581.36
86 0 1 1 120 5 1 86 1 5 1 -4540.62 -2559.80
85 0 1 1 120 5 1 85 1 5 1 -4548.16 -3156.08
84 0 1 1 120 5 1 84 1 5 1 -4558.92 -3648.18
83 0 1 1 120 5 1 83 1 5 1 -4546.72 -3843.56
82 0 1 1 120 5 1 82 1 5 1 -4543.11 -3863.01
81 0 1 1 120 5 1 81 1 5 1 -4545.14 -3850.92
80 0 1 1 120 5 1 80 1 5 1 -4559.48 -3848.03
79 0 1 1 120 5 1 79 1 5 1 -4555.72 -3854.34
78 0 1 1 120 5 1 78 1 5 1 -4557.38 -3766.15
77 0 1 1 120 5 1 77 1 5 1 -4554.51 -3773.70
76 0 1 1 120 5 1 76 1 5 1 -4550.93 -3816.15
75 0 1 1 120 5 1 75 1 5 1 -4546.38 -3809.58
74 0 1 1 120 5 1 74 1 5 1 -4541.71 -3793.63
73 0 1 1 120 5 1 73 1 5 1 -4553.56 -3806.41
72 0 1 1 120 5 1 72 1 5 1 -4545.57 -3728.24
71 0 1 1 120 5 1 71 1 5 1 -4555.79 -3740.24
70 0 1 1 120 5 1 70 1 5 1 -4554.14 -3725.25
69 0 1 1 120 5 1 69 1 5 1 -4542.20 -3719.06
68 0 1 1 120 5 1 68 1 5 1 -4548.78 -3737.57
67 0 1 1 120 5 1 67 1 5 1 -4354.82 -3715.19
66 0 1 1 120 5 1 66 1 5 1 -4338.87 -3717.23
65 0 1 1 120 5 1 65 1 5 1 -4325.85 -3699.62
64 0 1 1 120 5 1 64 1 5 1 -4031.74 -3537.46
63 0 1 1 120 5 1 63 1 5 1 -4336.86 -3683.71
62 0 1 1 120 5 1 62 1 5 1 -4354.70 -3653.80
61 0 1 1 120 5 1 61 1 5 1 -4356.55 -3650.12
60 0 1 1 120 5 1 60 1 5 1 -4538.92 -3668.91
59 0 1 1 120 5 1 59 1 5 1 -4535.51 -3630.67
58 0 1 1 120 5 1 58 1 5 1 -4524.20 -3611.38
57 0 1 1 120 5 1 57 1 5 1 -4533.38 -3693.70
56 0 1 1 120 5 1 56 1 5 1 -4534.24 -3688.80
55 0 1 1 120 5 1 55 1 5 1 -4518.67 -3827.14
54 0 1 1 120 5 1 54 1 5 1 -4513.29 -3809.14
53 0 1 1 120 5 1 53 1 5 1 -4515.52 -3786.08
52 0 1 1 120 5 1 52 1 5 1 -4524.78 -3779.28
51 0 1 1 120 5 1 51 1 5 1 -4517.96 -3774.59
50 0 1 1 120 5 1 50 1 5 1 -4517.35 -3642.80
49 0 1 1 120 5 1 49 1 5 1 -4509.91 -3639.25
48 0 1 1 120 5 1 48 1 5 1 -4502.62 -3694.20
47 0 1 1 120 5 1 47 1 5 1 -4512.56 -3682.56
46 0 1 1 120 5 1 46 1 5 1 -4508.01 -3664.34
45 0 1 1 120 5 1 45 1 5 1 -4504.21 -3657.00
44 0 1 1 120 5 1 44 1 5 1 -4501.05 -3559.96
43 0 1 1 120 5 1 43 1 5 1 -4482.45 -3534.71
42 0 1 1 120 5 1 42 1 5 1 -4491.55 -3498.03
41 0 1 1 120 5 1 41 1 5 1 -4481.80 -3498.39
40 0 1 1 120 5 1 40 1 5 1 -4476.55 -3498.96
39 0 1 1 120 5 1 39 1 5 1 -4473.40 -3476.08
38 0 1 1 120 5 1 38 1 5 1 -4465.25 -3548.01
37 0 1 1 120 5 1 37 1 5 1 -4454.12 -3513.20
36 0 1 1 120 5 1 36 1 5 1 -4459.80 -3501.31
35 0 1 1 120 5 1 35 1 5 1 -4425.85 -3482.50
34 0 1 1 120 5 1 34 1 5 1 -4389.96 -3424.76
33 0 1 1 120 5 1 33 1 5 1 -4356.32 -3410.73
32 0 1 1 120 5 1 32 1 5 1 -3931.91 -3320.94
31 0 1 1 120 5 1 31 1 5 1 -4329.59 -3359.66
30 0 1 1 120 5 1 30 1 5 1 -4264.64 -3366.06
29 0 1 1 120 5 1 29 1 5 1 -4365.55 -3466.03
28 0 1 1 120 5 1 28 1 5 1 -4412.75 -3479.09
27 0 1 1 120 5 1 27 1 5 1 -4344.27 -3549.83
26 0 1 1 120 5 1 26 1 5 1 -4315.51 -3622.02
25 0 1 1 120 5 1 25 1 5 1 -4313.35 -3435.32
24 0 1 1 120 5 1 24 1 5 1 -4304.25 -3536.52
23 0 1 1 120 5 1 23 1 5 1 -4287.93 -3401.81
22 0 1 1 120 5 1 22 1 5 1 -4278.66 -3478.23
21 0 1 1 120 5 1 21 1 5 1 -4237.61 -3374.21
20 0 1 1 120 5 1 20 1 5 1 -4231.80 -3402.78
19 0 1 1 120 5 1 19 1 5 1 -4233.91 -3134.54
18 0 1 1 120 5 1 18 1 5 1 -4177.74 -3121.20
17 0 1 1 120 5 1 17 1 5 1 -4229.22 -3216.24
16 0 1 1 120 5 1 16 1 5 1 -4093.81 -3070.21
15 0 1 1 120 5 1 15 1 5 1 -4069.97 -2948.64
14 0 1 1 120 5 1 14 1 5 1 -3942.14 -3040.50
13 0 1 1 120 5 1 13 1 5 1 -4096.44 -2755.50
12 0 1 1 120 5 1 12 1 5 1 -3806.64 -2886.28
11 0 1 1 120 5 1 11 1 5 1 -3861.76 -2669.91
10 0 1 1 120 5 1 10 1 5 1 -3808.27 -1619.31
9 0 1 1 120 5 1 9 1 5 1 -3743.75 -2493.14
8 0 1 1 120 5 1 8 1 5 1 -3636.41 -1588.39
7 0 1 1 120 5 1 7 1 5 1 -3562.00 -1513.80
6 0 1 1 120 5 1 6 1 5 1 -3394.35 -1571.44
5 0 1 1 120 5 1 5 1 5 1 -3288.53 -1606.75
4 0 1 1 120 5 1 4 1 5 1 -3065.06 -1455.79
3 0 1 1 120 5 1 3 1 5 1 -3061.93 -1324.02
2 0 1 1 120 5 1 2 1 5 1 -2792.44 -1295.85
1 0 1 1 120 5 1 1 1 5 1 -1920.85 -1295.85
0 0 1 1 120 5 1 1 1 5 1 -1920.85 -1295.85
