KB MULADD LAT NB MU NU KU FFTCH IFTCH NFTCH GEN-MFLOP SPC-MFLOP
80 1 1 80 6 6 80 0 6 3 -738.21 -640.84
79 1 1 80 6 6 79 0 6 3 -724.05 -640.84
78 1 1 80 6 6 78 0 6 3 -691.97 -640.84
77 1 1 80 6 6 77 0 6 3 -698.79 -640.84
76 1 1 80 6 6 76 0 6 3 -714.44 -640.84
75 1 1 80 6 6 75 0 6 3 -691.15 -640.84
74 1 1 80 6 6 74 0 6 3 -716.41 -640.84
73 1 1 80 6 6 73 0 6 3 -687.11 -640.84
72 1 1 80 6 6 72 0 6 3 -732.35 -640.84
71 1 1 80 6 6 71 0 6 3 -719.08 -640.84
70 1 1 80 6 6 70 0 6 3 -681.39 -640.84
69 1 1 80 6 6 69 0 6 3 -671.53 -640.84
68 1 1 80 6 6 68 0 6 3 -731.62 -640.84
67 1 1 80 6 6 67 0 6 3 -739.57 -640.84
66 1 1 80 6 6 66 0 6 3 -708.08 -640.84
65 1 1 80 6 6 65 0 6 3 -726.60 -640.84
64 1 1 80 6 6 64 0 6 3 -714.88 -640.84
63 1 1 80 6 6 63 0 6 3 -709.62 -640.84
62 1 1 80 6 6 62 0 6 3 -692.47 -640.84
61 1 1 80 6 6 61 0 6 3 -702.93 -640.84
60 1 1 80 6 6 60 0 6 3 -680.15 -640.84
59 1 1 80 6 6 59 0 6 3 -681.62 -640.84
58 1 1 80 6 6 58 0 6 3 -655.49 -640.84
57 1 1 80 6 6 57 0 6 3 -678.28 -640.84
56 1 1 80 6 6 56 0 6 3 -676.17 -640.84
55 1 1 80 6 6 55 0 6 3 -666.95 -640.84
54 1 1 80 6 6 54 0 6 3 -670.30 -640.84
53 1 1 80 6 6 53 0 6 3 -670.03 -640.84
52 1 1 80 6 6 52 0 6 3 -676.13 -640.84
51 1 1 80 6 6 51 0 6 3 -667.33 -640.84
50 1 1 80 6 6 50 0 6 3 -673.49 -640.84
49 1 1 80 6 6 49 0 6 3 -677.17 -640.84
48 1 1 80 6 6 48 0 6 3 -681.07 -640.84
47 1 1 80 6 6 47 0 6 3 -673.73 -640.84
46 1 1 80 6 6 46 0 6 3 -676.53 -640.84
45 1 1 80 6 6 45 0 6 3 -675.98 -640.84
44 1 1 80 6 6 44 0 6 3 -676.97 -640.84
43 1 1 80 6 6 43 0 6 3 -675.50 -640.84
42 1 1 80 6 6 42 0 6 3 -680.07 -640.84
41 1 1 80 6 6 41 0 6 3 -676.12 -640.84
40 1 1 80 6 6 40 0 6 3 -676.24 -640.84
39 1 1 80 6 6 39 0 6 3 -671.89 -640.84
38 1 1 80 6 6 38 0 6 3 -676.26 -640.84
37 1 1 80 6 6 37 0 6 3 -678.86 -640.84
36 1 1 80 6 6 36 0 6 3 -667.88 -640.84
35 1 1 80 6 6 35 0 6 3 -669.50 -640.84
34 1 1 80 6 6 34 0 6 3 -676.45 -640.84
33 1 1 80 6 6 33 0 6 3 -670.84 -640.84
32 1 1 80 6 6 32 0 6 3 -666.77 -640.84
31 1 1 80 6 6 31 0 6 3 -669.49 -640.84
30 1 1 80 6 6 30 0 6 3 -669.58 -640.84
29 1 1 80 6 6 29 0 6 3 -674.84 -640.84
28 1 1 80 6 6 28 0 6 3 -673.73 -640.84
27 1 1 80 6 6 27 0 6 3 -672.62 -640.84
26 1 1 80 6 6 26 0 6 3 -663.57 -640.84
25 1 1 80 6 6 25 0 6 3 -665.71 -640.84
24 1 1 80 6 6 24 0 6 3 -653.19 -640.84
23 1 1 80 6 6 23 0 6 3 -655.48 -640.84
22 1 1 80 6 6 22 0 6 3 -660.73 -640.84
21 1 1 80 6 6 21 0 6 3 -670.22 -640.84
20 1 1 80 6 6 20 0 6 3 -659.27 -640.84
19 1 1 80 6 6 19 0 6 3 -656.99 -640.84
18 1 1 80 6 6 18 0 6 3 -652.89 -640.84
17 1 1 80 6 6 17 0 6 3 -668.03 -640.84
16 1 1 80 6 6 16 0 6 3 -651.68 -640.84
15 1 1 80 6 6 15 0 6 3 -654.86 -640.84
14 1 1 80 6 6 14 0 6 3 -655.87 -640.84
13 1 1 80 6 6 13 0 6 3 -649.45 -640.84
0 1 1 80 6 6 1 0 6 3 -602.48 -640.84
