KB MULADD LAT NB MU NU KU FFTCH IFTCH NFTCH GEN-MFLOP SPC-MFLOP
80 1 2 80 6 3 80 1 4 1 -1766.63 -1587.81
79 1 2 80 6 3 79 1 4 1 -1693.09 -1576.79
78 1 2 80 6 3 78 1 4 1 -1521.93 -1381.18
77 1 2 80 6 3 77 1 4 1 -1617.22 -1502.09
76 1 2 80 6 3 76 1 4 1 -1647.24 -1460.79
75 1 2 80 6 3 75 1 4 1 -1585.78 -1499.71
74 1 2 80 6 3 74 1 4 1 -1580.67 -1372.92
73 1 2 80 6 3 73 1 4 1 -1651.64 -1538.54
72 1 2 80 6 3 72 1 4 1 -1763.81 -1561.75
71 1 2 80 6 3 71 1 4 1 -1689.51 -1572.11
70 1 2 80 6 3 70 1 4 1 -1519.60 -1382.92
69 1 2 80 6 3 69 1 4 1 -1608.31 -1499.38
68 1 2 80 6 3 68 1 4 1 -1645.67 -1465.04
67 1 2 80 6 3 67 1 4 1 -1586.82 -1492.01
66 1 2 80 6 3 66 1 4 1 -1581.19 -1367.87
65 1 2 80 6 3 65 1 4 1 -1652.37 -1531.62
64 1 2 80 6 3 64 1 4 1 -1759.66 -1542.31
63 1 2 80 6 3 63 1 4 1 -1688.47 -1558.71
62 1 2 80 6 3 62 1 4 1 -1520.56 -1369.77
61 1 2 80 6 3 61 1 4 1 -1614.73 -1487.09
60 1 2 80 6 3 60 1 4 1 -1640.78 -1454.99
59 1 2 80 6 3 59 1 4 1 -1586.62 -1484.77
58 1 2 80 6 3 58 1 4 1 -1580.47 -1368.54
57 1 2 80 6 3 57 1 4 1 -1647.34 -1528.00
56 1 2 80 6 3 56 1 4 1 -1754.41 -1542.15
55 1 2 80 6 3 55 1 4 1 -1684.84 -1553.24
54 1 2 80 6 3 54 1 4 1 -1517.65 -1371.08
53 1 2 80 6 3 53 1 4 1 -1612.01 -1482.66
52 1 2 80 6 3 52 1 4 1 -1637.90 -1452.10
51 1 2 80 6 3 51 1 4 1 -1587.27 -1458.27
50 1 2 80 6 3 50 1 4 1 -1559.84 -1348.77
49 1 2 80 6 3 49 1 4 1 -1646.65 -1485.98
48 1 2 80 6 3 48 1 4 1 -1745.59 -1517.42
47 1 2 80 6 3 47 1 4 1 -1678.01 -1533.78
46 1 2 80 6 3 46 1 4 1 -1516.98 -1349.23
45 1 2 80 6 3 45 1 4 1 -1607.29 -1472.41
44 1 2 80 6 3 44 1 4 1 -1630.73 -1438.44
43 1 2 80 6 3 43 1 4 1 -1582.02 -1465.46
42 1 2 80 6 3 42 1 4 1 -1564.56 -1353.06
41 1 2 80 6 3 41 1 4 1 -1639.11 -1488.35
40 1 2 80 6 3 40 1 4 1 -1736.06 -1504.42
39 1 2 80 6 3 39 1 4 1 -1667.37 -1516.02
38 1 2 80 6 3 38 1 4 1 -1514.63 -1352.02
37 1 2 80 6 3 37 1 4 1 -1605.03 -1448.04
36 1 2 80 6 3 36 1 4 1 -1622.51 -1422.28
35 1 2 80 6 3 35 1 4 1 -1576.27 -1444.97
34 1 2 80 6 3 34 1 4 1 -1556.29 -1327.45
33 1 2 80 6 3 33 1 4 1 -1632.44 -1452.53
32 1 2 80 6 3 32 1 4 1 -1717.75 -1471.66
31 1 2 80 6 3 31 1 4 1 -1655.83 -1475.18
30 1 2 80 6 3 30 1 4 1 -1508.23 -1325.22
29 1 2 80 6 3 29 1 4 1 -1595.00 -1447.85
28 1 2 80 6 3 28 1 4 1 -1611.38 -1427.27
27 1 2 80 6 3 27 1 4 1 -1572.67 -1458.82
26 1 2 80 6 3 26 1 4 1 -1539.41 -1334.25
25 1 2 80 6 3 25 1 4 1 -1615.81 -1443.99
24 1 2 80 6 3 24 1 4 1 -1694.94 -1471.40
23 1 2 80 6 3 23 1 4 1 -1632.76 -1458.88
22 1 2 80 6 3 22 1 4 1 -1496.02 -1316.91
21 1 2 80 6 3 21 1 4 1 -1581.60 -1417.27
20 1 2 80 6 3 20 1 4 1 -1587.78 -1364.42
19 1 2 80 6 3 19 1 4 1 -1563.93 -1405.56
18 1 2 80 6 3 18 1 4 1 -1511.77 -1286.38
17 1 2 80 6 3 17 1 4 1 -1591.99 -1391.92
16 1 2 80 6 3 16 1 4 1 -1645.67 -1385.75
15 1 2 80 6 3 15 1 4 1 -1595.28 -1379.66
14 1 2 80 6 3 14 1 4 1 -1487.33 -1281.13
13 1 2 80 6 3 13 1 4 1 -1555.52 -1343.43
12 1 2 80 6 3 12 1 4 1 -1537.29 -1286.04
11 1 2 80 6 3 11 1 4 1 -1538.77 -1309.73
10 1 2 80 6 3 10 1 4 1 -1455.52 -1194.47
9 1 2 80 6 3 9 1 4 1 -1488.17 -1267.21
8 1 2 80 6 3 8 1 4 1 -1511.26 -1191.37
7 1 2 80 6 3 7 1 4 1 -1417.28 -1162.08
6 1 2 80 6 3 6 1 4 1 -1316.38 -1042.65
5 1 2 80 6 3 5 1 4 1 -1292.40 -1019.83
4 1 2 80 6 3 4 1 4 1 -1231.77 -1016.82
3 1 2 80 6 3 3 1 4 1 -1104.98 -1016.82
0 1 2 80 6 3 1 1 4 1 -888.95 -1016.82
