KB MULADD LAT NB MU NU KU FFTCH IFTCH NFTCH GEN-MFLOP SPC-MFLOP
80 1 1 80 6 6 80 0 6 3 -1050.78 -589.25
79 1 1 80 6 6 79 0 6 3 -1002.57 -586.35
78 1 1 80 6 6 78 0 6 3 -896.97 -576.92
77 1 1 80 6 6 77 0 6 3 -967.06 -579.98
76 1 1 80 6 6 76 0 6 3 -870.60 -581.37
75 1 1 80 6 6 75 0 6 3 -892.20 -578.77
74 1 1 80 6 6 74 0 6 3 -860.87 -577.05
73 1 1 80 6 6 73 0 6 3 -885.36 -579.74
72 1 1 80 6 6 72 0 6 3 -909.62 -585.82
71 1 1 80 6 6 71 0 6 3 -991.18 -578.85
70 1 1 80 6 6 70 0 6 3 -897.43 -575.13
69 1 1 80 6 6 69 0 6 3 -883.59 -588.28
68 1 1 80 6 6 68 0 6 3 -1014.35 -580.03
67 1 1 80 6 6 67 0 6 3 -1026.57 -580.89
66 1 1 80 6 6 66 0 6 3 -990.69 -577.18
65 1 1 80 6 6 65 0 6 3 -993.61 -577.98
64 1 1 80 6 6 64 0 6 3 -1037.96 -590.25
63 1 1 80 6 6 63 0 6 3 -1006.98 -583.02
62 1 1 80 6 6 62 0 6 3 -1021.73 -578.58
61 1 1 80 6 6 61 0 6 3 -884.27 -580.23
60 1 1 80 6 6 60 0 6 3 -1008.15 -577.80
59 1 1 80 6 6 59 0 6 3 -984.01 -589.66
58 1 1 80 6 6 58 0 6 3 -864.41 -577.56
57 1 1 80 6 6 57 0 6 3 -992.65 -581.21
56 1 1 80 6 6 56 0 6 3 -1001.96 -586.41
55 1 1 80 6 6 55 0 6 3 -993.16 -577.12
54 1 1 80 6 6 54 0 6 3 -996.14 -577.97
53 1 1 80 6 6 53 0 6 3 -1001.06 -582.94
52 1 1 80 6 6 52 0 6 3 -1001.44 -580.77
51 1 1 80 6 6 51 0 6 3 -995.00 -582.08
50 1 1 80 6 6 50 0 6 3 -993.23 -576.87
49 1 1 80 6 6 49 0 6 3 -991.92 -590.41
48 1 1 80 6 6 48 0 6 3 -1027.26 -587.37
47 1 1 80 6 6 47 0 6 3 -1000.89 -582.23
46 1 1 80 6 6 46 0 6 3 -989.15 -579.03
45 1 1 80 6 6 45 0 6 3 -992.22 -576.41
44 1 1 80 6 6 44 0 6 3 -997.99 -582.14
43 1 1 80 6 6 43 0 6 3 -998.07 -581.00
42 1 1 80 6 6 42 0 6 3 -988.62 -576.30
41 1 1 80 6 6 41 0 6 3 -990.16 -578.96
40 1 1 80 6 6 40 0 6 3 -1010.52 -580.13
39 1 1 80 6 6 39 0 6 3 -990.61 -589.93
38 1 1 80 6 6 38 0 6 3 -986.36 -574.77
37 1 1 80 6 6 37 0 6 3 -996.94 -582.06
36 1 1 80 6 6 36 0 6 3 -993.50 -580.36
35 1 1 80 6 6 35 0 6 3 -987.37 -575.24
34 1 1 80 6 6 34 0 6 3 -986.07 -576.49
33 1 1 80 6 6 33 0 6 3 -982.24 -579.97
32 1 1 80 6 6 32 0 6 3 -1010.07 -584.06
31 1 1 80 6 6 31 0 6 3 -989.32 -578.59
30 1 1 80 6 6 30 0 6 3 -983.63 -571.12
29 1 1 80 6 6 29 0 6 3 -989.19 -593.40
28 1 1 80 6 6 28 0 6 3 -995.26 -575.56
27 1 1 80 6 6 27 0 6 3 -988.24 -579.58
26 1 1 80 6 6 26 0 6 3 -979.39 -575.51
25 1 1 80 6 6 25 0 6 3 -979.17 -573.44
24 1 1 80 6 6 24 0 6 3 -989.40 -581.88
23 1 1 80 6 6 23 0 6 3 -976.71 -580.49
22 1 1 80 6 6 22 0 6 3 -975.12 -577.55
21 1 1 80 6 6 21 0 6 3 -975.00 -578.12
20 1 1 80 6 6 20 0 6 3 -978.68 -568.51
19 1 1 80 6 6 19 0 6 3 -974.24 -602.84
18 1 1 80 6 6 18 0 6 3 -976.06 -571.83
17 1 1 80 6 6 17 0 6 3 -969.09 -577.78
16 1 1 80 6 6 16 0 6 3 -968.17 -576.49
15 1 1 80 6 6 15 0 6 3 -958.08 -564.19
14 1 1 80 6 6 14 0 6 3 -956.01 -567.26
13 1 1 80 6 6 13 0 6 3 -935.54 -570.76
12 1 1 80 6 6 12 0 6 3 -926.13 -563.96
11 1 1 80 6 6 11 0 6 3 -916.29 -563.84
10 1 1 80 6 6 10 0 6 3 -909.87 -563.84
9 1 1 80 6 6 9 0 6 3 -891.14 -563.84
8 1 1 80 6 6 8 0 6 3 -868.52 -563.84
7 1 1 80 6 6 7 0 6 3 -846.58 -563.84
6 1 1 80 6 6 6 0 6 3 -830.30 -563.84
5 1 1 80 6 6 5 0 6 3 -733.68 -563.84
4 1 1 80 6 6 4 0 6 3 -709.29 -563.84
3 1 1 80 6 6 3 0 6 3 -672.81 -563.84
2 1 1 80 6 6 2 0 6 3 -586.62 -563.84
0 1 1 80 6 6 1 0 6 3 -408.05 -563.84
