KB MULADD LAT PREF NB MU NU KU FFTCH IFTCH NFTCH GEN-MFLOP SPC-MFLOP
72 1 13 1 72 4 1 72 1 2 2 -6595.72 -6115.41
71 1 13 1 72 4 1 71 1 2 2 -6599.76 -6129.07
70 1 13 1 72 4 1 70 1 2 2 -6603.25 -6123.25
69 1 13 1 72 4 1 69 1 2 2 -6603.87 -6091.59
68 1 13 1 72 4 1 68 1 2 2 -6600.28 -6082.39
67 1 13 1 72 4 1 67 1 2 2 -6591.90 -6063.65
66 1 13 1 72 4 1 66 1 2 2 -6597.85 -6045.36
65 1 13 1 72 4 1 65 1 2 2 -6576.70 -6049.04
64 1 13 1 72 4 1 64 1 2 2 -6554.81 -6064.96
63 1 13 1 72 4 1 63 1 2 2 -6589.19 -6093.84
62 1 13 1 72 4 1 62 1 2 2 -6597.51 -6087.70
61 1 13 1 72 4 1 61 1 2 2 -6595.32 -6053.46
60 1 13 1 72 4 1 60 1 2 2 -6584.34 -6048.64
59 1 13 1 72 4 1 59 1 2 2 -6582.35 -6015.53
58 1 13 1 72 4 1 58 1 2 2 -6590.85 -6041.69
57 1 13 1 72 4 1 57 1 2 2 -6583.18 -6018.67
56 1 13 1 72 4 1 56 1 2 2 -6573.57 -5987.40
55 1 13 1 72 4 1 55 1 2 2 -6579.82 -6000.06
54 1 13 1 72 4 1 54 1 2 2 -6583.23 -5991.56
53 1 13 1 72 4 1 53 1 2 2 -6580.10 -5950.53
52 1 13 1 72 4 1 52 1 2 2 -6570.37 -5935.72
51 1 13 1 72 4 1 51 1 2 2 -6568.46 -5908.22
50 1 13 1 72 4 1 50 1 2 2 -6571.74 -5884.90
49 1 13 1 72 4 1 49 1 2 2 -6569.27 -5855.03
48 1 13 1 72 4 1 48 1 2 2 -6510.41 -5870.50
47 1 13 1 72 4 1 47 1 2 2 -6557.23 -5903.55
46 1 13 1 72 4 1 46 1 2 2 -6570.51 -5896.20
45 1 13 1 72 4 1 45 1 2 2 -6561.37 -5852.87
44 1 13 1 72 4 1 44 1 2 2 -6549.86 -5843.10
43 1 13 1 72 4 1 43 1 2 2 -6549.16 -5792.17
42 1 13 1 72 4 1 42 1 2 2 -6551.20 -5820.25
41 1 13 1 72 4 1 41 1 2 2 -6549.14 -5781.12
40 1 13 1 72 4 1 40 1 2 2 -6531.25 -5739.41
39 1 13 1 72 4 1 39 1 2 2 -6533.18 -5758.04
38 1 13 1 72 4 1 38 1 2 2 -6536.64 -5743.23
37 1 13 1 72 4 1 37 1 2 2 -6533.98 -5686.37
36 1 13 1 72 4 1 36 1 2 2 -6520.82 -5643.03
35 1 13 1 72 4 1 35 1 2 2 -6515.32 -5622.48
34 1 13 1 72 4 1 34 1 2 2 -6516.26 -5570.19
33 1 13 1 72 4 1 33 1 2 2 -6507.06 -5534.32
32 1 13 1 72 4 1 32 1 2 2 -6460.02 -5534.32
31 1 13 1 72 4 1 31 1 2 2 -6505.57 -5563.32
30 1 13 1 72 4 1 30 1 2 2 -6495.35 -5540.15
29 1 13 1 72 4 1 29 1 2 2 -6480.62 -5534.32
28 1 13 1 72 4 1 28 1 2 2 -6469.89 -5534.32
27 1 13 1 72 4 1 27 1 2 2 -6464.98 -5534.32
26 1 13 1 72 4 1 26 1 2 2 -6459.70 -5534.32
25 1 13 1 72 4 1 25 1 2 2 -6452.40 -5534.32
24 1 13 1 72 4 1 24 1 2 2 -6431.07 -5534.32
23 1 13 1 72 4 1 23 1 2 2 -6418.34 -5534.32
22 1 13 1 72 4 1 22 1 2 2 -6415.32 -5534.32
21 1 13 1 72 4 1 21 1 2 2 -6396.33 -5534.32
20 1 13 1 72 4 1 20 1 2 2 -6371.88 -5534.32
19 1 13 1 72 4 1 19 1 2 2 -6367.17 -5534.32
18 1 13 1 72 4 1 18 1 2 2 -6326.44 -5534.32
17 1 13 1 72 4 1 17 1 2 2 -6329.39 -5534.32
16 1 13 1 72 4 1 16 1 2 2 -6261.41 -5534.32
15 1 13 1 72 4 1 15 1 2 2 -6333.36 -5621.00
14 1 13 1 72 4 1 14 1 2 2 -6306.63 -5567.89
13 1 13 1 72 4 1 13 1 2 2 -6260.57 -5605.73
12 1 13 1 72 4 1 12 1 2 2 -6243.40 -5534.32
11 1 13 1 72 4 1 11 1 2 2 -6235.51 -5534.32
10 1 13 1 72 4 1 10 1 2 2 -6199.47 -5534.32
9 1 13 1 72 4 1 9 1 2 2 -6134.13 -5534.32
8 1 13 1 72 4 1 8 1 2 2 -6038.33 -5534.32
7 1 13 1 72 4 1 7 1 2 2 -5995.78 -5534.32
6 1 13 1 72 4 1 6 1 2 2 -5899.22 -5534.32
5 1 13 1 72 4 1 5 1 2 2 -5722.67 -5534.32
0 1 13 1 72 4 1 1 1 2 2 -5537.45 -5534.32
