KB MULADD LAT PREF NB MU NU KU FFTCH IFTCH NFTCH GEN-MFLOP SPC-MFLOP
48 0 4 1 48 3 1 48 1 3 1 -2558.11 -2358.41
47 0 4 1 48 3 1 47 1 3 1 -2517.38 -2291.73
46 0 4 1 48 3 1 46 1 3 1 -2594.97 -2358.10
45 0 4 1 48 3 1 45 1 3 1 -2558.08 -2354.10
44 0 4 1 48 3 1 44 1 3 1 -2596.26 -2367.28
43 0 4 1 48 3 1 43 1 3 1 -2567.01 -2336.65
42 0 4 1 48 3 1 42 1 3 1 -2607.70 -2367.41
41 0 4 1 48 3 1 41 1 3 1 -2580.59 -2342.81
40 0 4 1 48 3 1 40 1 3 1 -2535.07 -2357.08
39 0 4 1 48 3 1 39 1 3 1 -2623.73 -2190.39
38 0 4 1 48 3 1 38 1 3 1 -2605.48 -2326.95
37 0 4 1 48 3 1 37 1 3 1 -2556.21 -2225.80
36 0 4 1 48 3 1 36 1 3 1 -2493.54 -2300.89
35 0 4 1 48 3 1 35 1 3 1 -2526.24 -2300.03
34 0 4 1 48 3 1 34 1 3 1 -2614.96 -2305.05
33 0 4 1 48 3 1 33 1 3 1 -2538.55 -2288.98
32 0 4 1 48 3 1 32 1 3 1 -2597.62 -2271.62
31 0 4 1 48 3 1 31 1 3 1 -2541.42 -2161.45
30 0 4 1 48 3 1 30 1 3 1 -2625.19 -2205.02
29 0 4 1 48 3 1 29 1 3 1 -2582.43 -2214.40
28 0 4 1 48 3 1 28 1 3 1 -2549.35 -2204.01
27 0 4 1 48 3 1 27 1 3 1 -2577.75 -2181.08
26 0 4 1 48 3 1 26 1 3 1 -2576.12 -2263.13
25 0 4 1 48 3 1 25 1 3 1 -2521.53 -2237.64
24 0 4 1 48 3 1 24 1 3 1 -2578.33 -2205.45
23 0 4 1 48 3 1 23 1 3 1 -2499.53 -2192.41
22 0 4 1 48 3 1 22 1 3 1 -2596.19 -2183.98
21 0 4 1 48 3 1 21 1 3 1 -2575.13 -2154.55
20 0 4 1 48 3 1 20 1 3 1 -2431.72 -2147.01
19 0 4 1 48 3 1 19 1 3 1 -2586.32 -2111.32
18 0 4 1 48 3 1 18 1 3 1 -2569.22 -2086.79
17 0 4 1 48 3 1 17 1 3 1 -2561.05 -2081.71
16 0 4 1 48 3 1 16 1 3 1 -2518.68 -1863.60
15 0 4 1 48 3 1 15 1 3 1 -2570.27 -1978.89
14 0 4 1 48 3 1 14 1 3 1 -2558.09 -1955.95
13 0 4 1 48 3 1 13 1 3 1 -2546.50 -1922.21
12 0 4 1 48 3 1 12 1 3 1 -2507.26 -1847.52
11 0 4 1 48 3 1 11 1 3 1 -2491.96 -1842.58
10 0 4 1 48 3 1 10 1 3 1 -2494.47 -1725.51
9 0 4 1 48 3 1 9 1 3 1 -1979.56 -1710.75
8 0 4 1 48 3 1 8 1 3 1 -2128.21 -1440.63
7 0 4 1 48 3 1 7 1 3 1 -2139.03 -1534.76
6 0 4 1 48 3 1 6 1 3 1 -2044.71 -1406.36
5 0 4 1 48 3 1 5 1 3 1 -2069.51 -1268.68
4 0 4 1 48 3 1 4 1 3 1 -1873.17 -998.95
3 0 4 1 48 3 1 3 1 3 1 -1680.03 -912.82
2 0 4 1 48 3 1 2 1 3 1 -1436.25 -647.98
1 0 4 1 48 3 1 1 1 3 1 -891.42 -647.98
0 0 3 1 48 3 1 1 1 3 1 -891.42 -647.98
