KB MULADD LAT PREF NB MU NU KU FFTCH IFTCH NFTCH GEN-MFLOP SPC-MFLOP
48 1 1 1 48 3 3 2 1 4 1 -6239.46 -6117.55
47 1 1 1 48 3 3 2 1 4 1 -6256.52 -6117.55
46 1 1 1 48 3 3 2 1 4 1 -6241.92 -6117.55
45 1 1 1 48 3 3 2 1 4 1 -6250.97 -6117.55
44 1 1 1 48 3 3 2 1 4 1 -6226.97 -6117.55
43 1 1 1 48 3 3 2 1 4 1 -6246.70 -6117.55
42 1 1 1 48 3 3 2 1 4 1 -6230.94 -6117.55
41 1 1 1 48 3 3 2 1 4 1 -6239.23 -6117.55
40 1 1 1 48 3 3 2 1 4 1 -6205.93 -6117.55
39 1 1 1 48 3 3 2 1 4 1 -6233.88 -6117.55
38 1 1 1 48 3 3 2 1 4 1 -6203.28 -6117.55
37 1 1 1 48 3 3 2 1 4 1 -6212.43 -6117.55
36 1 1 1 48 3 3 2 1 4 1 -6184.14 -6117.55
35 1 1 1 48 3 3 2 1 4 1 -6204.19 -6117.55
34 1 1 1 48 3 3 2 1 4 1 -6182.32 -6117.55
33 1 1 1 48 3 3 2 1 4 1 -6196.48 -6117.55
0 1 1 1 48 3 3 2 1 4 1 -6150.62 -6117.55
