KB MULADD LAT PREF NB MU NU KU FFTCH IFTCH NFTCH GEN-MFLOP SPC-MFLOP
80 1 5 0 80 2 6 2 0 5 2 -10419.79 -10031.44
79 1 5 0 80 2 6 2 0 5 2 -10421.15 -10031.44
78 1 5 0 80 2 6 2 0 5 2 -10446.61 -10031.44
77 1 5 0 80 2 6 2 0 5 2 -10420.10 -10031.44
76 1 5 0 80 2 6 2 0 5 2 -10444.90 -10031.44
75 1 5 0 80 2 6 2 0 5 2 -10425.45 -10031.44
74 1 5 0 80 2 6 2 0 5 2 -10413.12 -10031.44
73 1 5 0 80 2 6 2 0 5 2 -10423.30 -10031.44
72 1 5 0 80 2 6 2 0 5 2 -10416.03 -10031.44
71 1 5 0 80 2 6 2 0 5 2 -10393.72 -10031.44
70 1 5 0 80 2 6 2 0 5 2 -10409.12 -10031.44
69 1 5 0 80 2 6 2 0 5 2 -10516.94 -10031.44
68 1 5 0 80 2 6 2 0 5 2 -10634.08 -10031.44
67 1 5 0 80 2 6 2 0 5 2 -10612.47 -10031.44
66 1 5 0 80 2 6 2 0 5 2 -10683.40 -10031.44
65 1 5 0 80 2 6 2 0 5 2 -10463.82 -10031.44
64 1 5 0 80 2 6 2 0 5 2 -10742.22 -10031.44
63 1 5 0 80 2 6 2 0 5 2 -10734.43 -10031.44
62 1 5 0 80 2 6 2 0 5 2 -10787.73 -10031.44
61 1 5 0 80 2 6 2 0 5 2 -10728.17 -10031.44
60 1 5 0 80 2 6 2 0 5 2 -10773.03 -10031.44
59 1 5 0 80 2 6 2 0 5 2 -10740.92 -10031.44
58 1 5 0 80 2 6 2 0 5 2 -10786.10 -10031.44
57 1 5 0 80 2 6 2 0 5 2 -10735.08 -10031.44
56 1 5 0 80 2 6 2 0 5 2 -10786.47 -10031.44
55 1 5 0 80 2 6 2 0 5 2 -10748.76 -10031.44
54 1 5 0 80 2 6 2 0 5 2 -10793.63 -10031.44
53 1 5 0 80 2 6 2 0 5 2 -10741.29 -10031.44
52 1 5 0 80 2 6 2 0 5 2 -10795.68 -10031.44
51 1 5 0 80 2 6 2 0 5 2 -10743.78 -10031.44
50 1 5 0 80 2 6 2 0 5 2 -10800.52 -10031.44
49 1 5 0 80 2 6 2 0 5 2 -10740.37 -10031.44
48 1 5 0 80 2 6 2 0 5 2 -10781.80 -10031.44
47 1 5 0 80 2 6 2 0 5 2 -10729.68 -10031.44
46 1 5 0 80 2 6 2 0 5 2 -10791.36 -10031.44
45 1 5 0 80 2 6 2 0 5 2 -10708.32 -10031.44
44 1 5 0 80 2 6 2 0 5 2 -10775.52 -10031.44
43 1 5 0 80 2 6 2 0 5 2 -10493.39 -10031.44
42 1 5 0 80 2 6 2 0 5 2 -10759.60 -10031.44
41 1 5 0 80 2 6 2 0 5 2 -10675.34 -10031.44
40 1 5 0 80 2 6 2 0 5 2 -10748.20 -10031.44
39 1 5 0 80 2 6 2 0 5 2 -10670.05 -10031.44
38 1 5 0 80 2 6 2 0 5 2 -10741.23 -10031.44
37 1 5 0 80 2 6 2 0 5 2 -10651.45 -10031.44
36 1 5 0 80 2 6 2 0 5 2 -10713.93 -10031.44
35 1 5 0 80 2 6 2 0 5 2 -10632.90 -10031.44
34 1 5 0 80 2 6 2 0 5 2 -10712.53 -10031.44
33 1 5 0 80 2 6 2 0 5 2 -10598.77 -10031.44
32 1 5 0 80 2 6 2 0 5 2 -10638.77 -10031.44
31 1 5 0 80 2 6 2 0 5 2 -10572.18 -10031.44
30 1 5 0 80 2 6 2 0 5 2 -10651.45 -10031.44
29 1 5 0 80 2 6 2 0 5 2 -10553.06 -10031.44
28 1 5 0 80 2 6 2 0 5 2 -10616.50 -10031.44
27 1 5 0 80 2 6 2 0 5 2 -10554.02 -10031.44
26 1 5 0 80 2 6 2 0 5 2 -10563.34 -10031.44
25 1 5 0 80 2 6 2 0 5 2 -10489.05 -10031.44
24 1 5 0 80 2 6 2 0 5 2 -10509.63 -10031.44
23 1 5 0 80 2 6 2 0 5 2 -10459.96 -10031.44
22 1 5 0 80 2 6 2 0 5 2 -10479.01 -10031.44
21 1 5 0 80 2 6 2 0 5 2 -10430.92 -10031.44
20 1 5 0 80 2 6 2 0 5 2 -10448.96 -10031.44
19 1 5 0 80 2 6 2 0 5 2 -10374.24 -10031.44
18 1 5 0 80 2 6 2 0 5 2 -10423.34 -10031.44
17 1 5 0 80 2 6 2 0 5 2 -10328.67 -10031.44
16 1 5 0 80 2 6 2 0 5 2 -10332.96 -10031.44
15 1 5 0 80 2 6 2 0 5 2 -10221.90 -10031.44
14 1 5 0 80 2 6 2 0 5 2 -10198.57 -10031.44
0 1 5 0 80 2 6 2 0 5 2 -10085.82 -10031.44
