KB MULADD LAT PREF NB MU NU KU FFTCH IFTCH NFTCH GEN-MFLOP SPC-MFLOP
84 0 4 0 84 8 1 84 0 8 1 -3926.54 -3574.43
83 0 4 0 84 8 1 83 0 8 1 -4026.27 -3536.64
82 0 4 0 84 8 1 82 0 8 1 -3926.12 -3562.83
81 0 4 0 84 8 1 81 0 8 1 -3966.62 -3571.19
80 0 4 0 84 8 1 80 0 8 1 -3923.55 -3567.00
79 0 4 0 84 8 1 79 0 8 1 -4016.72 -3567.24
78 0 4 0 84 8 1 78 0 8 1 -3922.58 -3546.85
77 0 4 0 84 8 1 77 0 8 1 -4006.96 -3516.17
76 0 4 0 84 8 1 76 0 8 1 -3886.11 -3544.86
75 0 4 0 84 8 1 75 0 8 1 -3995.28 -3528.47
74 0 4 0 84 8 1 74 0 8 1 -3883.36 -3525.30
73 0 4 0 84 8 1 73 0 8 1 -3981.00 -3550.03
72 0 4 0 84 8 1 72 0 8 1 -3883.25 -3535.65
71 0 4 0 84 8 1 71 0 8 1 -4007.01 -3542.19
70 0 4 0 84 8 1 70 0 8 1 -3906.62 -3481.15
69 0 4 0 84 8 1 69 0 8 1 -4008.68 -3535.01
68 0 4 0 84 8 1 68 0 8 1 -3867.47 -3522.85
67 0 4 0 84 8 1 67 0 8 1 -3992.00 -3468.64
66 0 4 0 84 8 1 66 0 8 1 -3853.09 -3461.70
65 0 4 0 84 8 1 65 0 8 1 -3971.71 -3430.85
64 0 4 0 84 8 1 64 0 8 1 -3720.13 -3261.25
63 0 4 0 84 8 1 63 0 8 1 -3979.63 -3387.44
62 0 4 0 84 8 1 62 0 8 1 -3889.05 -3437.41
61 0 4 0 84 8 1 61 0 8 1 -3970.70 -3431.19
60 0 4 0 84 8 1 60 0 8 1 -3856.47 -3476.98
59 0 4 0 84 8 1 59 0 8 1 -3976.93 -3495.59
58 0 4 0 84 8 1 58 0 8 1 -3837.22 -3448.08
57 0 4 0 84 8 1 57 0 8 1 -3951.57 -3470.37
56 0 4 0 84 8 1 56 0 8 1 -3832.74 -3463.22
55 0 4 0 84 8 1 55 0 8 1 -3974.09 -3457.16
54 0 4 0 84 8 1 54 0 8 1 -3876.89 -3443.38
53 0 4 0 84 8 1 53 0 8 1 -3968.40 -3447.66
52 0 4 0 84 8 1 52 0 8 1 -3874.56 -3425.65
51 0 4 0 84 8 1 51 0 8 1 -3966.37 -3375.89
50 0 4 0 84 8 1 50 0 8 1 -3884.84 -3408.69
49 0 4 0 84 8 1 49 0 8 1 -3960.11 -3475.15
48 0 4 0 84 8 1 48 0 8 1 -3884.21 -3445.03
47 0 4 0 84 8 1 47 0 8 1 -3949.47 -3457.65
46 0 4 0 84 8 1 46 0 8 1 -3873.06 -3425.15
45 0 4 0 84 8 1 45 0 8 1 -3919.85 -3408.54
44 0 4 0 84 8 1 44 0 8 1 -3817.49 -3409.42
43 0 4 0 84 8 1 43 0 8 1 -3926.24 -3423.78
42 0 4 0 84 8 1 42 0 8 1 -3789.43 -3400.01
41 0 4 0 84 8 1 41 0 8 1 -3888.97 -3407.98
40 0 4 0 84 8 1 40 0 8 1 -3842.90 -3372.20
39 0 4 0 84 8 1 39 0 8 1 -3896.64 -3360.86
38 0 4 0 84 8 1 38 0 8 1 -3798.07 -3320.41
37 0 4 0 84 8 1 37 0 8 1 -3834.40 -3373.59
36 0 4 0 84 8 1 36 0 8 1 -3719.92 -3343.47
35 0 4 0 84 8 1 35 0 8 1 -3845.56 -3319.08
34 0 4 0 84 8 1 34 0 8 1 -3695.46 -3266.55
33 0 4 0 84 8 1 33 0 8 1 -3798.96 -3257.70
32 0 4 0 84 8 1 32 0 8 1 -3618.44 -3120.95
31 0 4 0 84 8 1 31 0 8 1 -3715.71 -3188.33
30 0 4 0 84 8 1 30 0 8 1 -3722.45 -3219.71
29 0 4 0 84 8 1 29 0 8 1 -3780.17 -3233.73
28 0 4 0 84 8 1 28 0 8 1 -3739.37 -3215.01
27 0 4 0 84 8 1 27 0 8 1 -3779.50 -3201.31
26 0 4 0 84 8 1 26 0 8 1 -3714.31 -3180.82
25 0 4 0 84 8 1 25 0 8 1 -3763.41 -3221.34
24 0 4 0 84 8 1 24 0 8 1 -3696.82 -3176.05
23 0 4 0 84 8 1 23 0 8 1 -3714.10 -3198.38
22 0 4 0 84 8 1 22 0 8 1 -3739.70 -3121.11
21 0 4 0 84 8 1 21 0 8 1 -3680.56 -3143.19
20 0 4 0 84 8 1 20 0 8 1 -3696.33 -3089.75
19 0 4 0 84 8 1 19 0 8 1 -3671.36 -3038.71
18 0 4 0 84 8 1 18 0 8 1 -3695.36 -2998.91
17 0 4 0 84 8 1 17 0 8 1 -3584.60 -2986.09
16 0 4 0 84 8 1 16 0 8 1 -3585.05 -2903.71
15 0 4 0 84 8 1 15 0 8 1 -3617.93 -2883.95
14 0 4 0 84 8 1 14 0 8 1 -3576.69 -2852.27
13 0 4 0 84 8 1 13 0 8 1 -3636.57 -2870.52
12 0 4 0 84 8 1 12 0 8 1 -3584.58 -2808.18
11 0 4 0 84 8 1 11 0 8 1 -3491.01 -2751.16
10 0 4 0 84 8 1 10 0 8 1 -3505.58 -2704.29
9 0 4 0 84 8 1 9 0 8 1 -3313.42 -2646.19
8 0 4 0 84 8 1 8 0 8 1 -3425.63 -2437.60
7 0 4 0 84 8 1 7 0 8 1 -3233.39 -2413.97
6 0 4 0 84 8 1 6 0 8 1 -3135.80 -2320.51
5 0 4 0 84 8 1 5 0 8 1 -3011.99 -2320.51
4 0 4 0 84 8 1 4 0 8 1 -2895.70 -2320.51
3 0 4 0 84 8 1 3 0 8 1 -2616.83 -2320.51
0 0 4 0 84 8 1 1 0 8 1 -2222.30 -2320.51
