KB MULADD LAT PREF NB MU NU KU FFTCH IFTCH NFTCH GEN-MFLOP SPC-MFLOP
72 0 1 0 72 8 1 72 0 8 1 -4423.03 -3979.42
71 0 1 0 72 8 1 71 0 8 1 -4426.69 -3967.03
70 0 1 0 72 8 1 70 0 8 1 -4402.83 -3943.84
69 0 1 0 72 8 1 69 0 8 1 -4321.47 -3944.07
68 0 1 0 72 8 1 68 0 8 1 -4474.46 -3945.20
67 0 1 0 72 8 1 67 0 8 1 -4407.40 -3964.91
66 0 1 0 72 8 1 66 0 8 1 -4463.59 -3989.45
65 0 1 0 72 8 1 65 0 8 1 -4362.64 -3862.11
64 0 1 0 72 8 1 64 0 8 1 -4178.24 -3771.97
63 0 1 0 72 8 1 63 0 8 1 -4370.12 -3918.89
62 0 1 0 72 8 1 62 0 8 1 -4343.11 -3882.67
61 0 1 0 72 8 1 61 0 8 1 -4391.48 -3874.80
60 0 1 0 72 8 1 60 0 8 1 -4436.08 -3935.82
59 0 1 0 72 8 1 59 0 8 1 -4446.21 -3956.64
58 0 1 0 72 8 1 58 0 8 1 -4483.93 -3854.08
57 0 1 0 72 8 1 57 0 8 1 -4442.93 -3907.33
56 0 1 0 72 8 1 56 0 8 1 -4450.37 -3917.67
55 0 1 0 72 8 1 55 0 8 1 -4437.25 -3853.30
54 0 1 0 72 8 1 54 0 8 1 -4407.34 -3899.17
53 0 1 0 72 8 1 53 0 8 1 -4480.22 -3893.53
52 0 1 0 72 8 1 52 0 8 1 -4444.52 -3846.05
51 0 1 0 72 8 1 51 0 8 1 -4476.93 -3867.69
50 0 1 0 72 8 1 50 0 8 1 -4445.31 -3861.36
49 0 1 0 72 8 1 49 0 8 1 -4473.07 -3879.89
48 0 1 0 72 8 1 48 0 8 1 -4398.67 -3797.22
47 0 1 0 72 8 1 47 0 8 1 -4366.88 -3844.57
46 0 1 0 72 8 1 46 0 8 1 -4400.42 -3846.58
45 0 1 0 72 8 1 45 0 8 1 -4407.44 -3877.95
44 0 1 0 72 8 1 44 0 8 1 -4380.15 -3927.37
43 0 1 0 72 8 1 43 0 8 1 -4419.44 -3973.51
42 0 1 0 72 8 1 42 0 8 1 -4413.84 -3877.09
41 0 1 0 72 8 1 41 0 8 1 -4410.15 -3873.15
40 0 1 0 72 8 1 40 0 8 1 -4389.35 -3828.18
39 0 1 0 72 8 1 39 0 8 1 -4439.35 -3835.82
38 0 1 0 72 8 1 38 0 8 1 -4348.23 -3818.20
37 0 1 0 72 8 1 37 0 8 1 -4397.20 -3850.39
36 0 1 0 72 8 1 36 0 8 1 -4339.43 -3812.88
35 0 1 0 72 8 1 35 0 8 1 -4352.47 -3719.63
34 0 1 0 72 8 1 34 0 8 1 -4325.62 -3734.84
33 0 1 0 72 8 1 33 0 8 1 -4234.59 -3655.51
32 0 1 0 72 8 1 32 0 8 1 -4074.57 -3496.03
31 0 1 0 72 8 1 31 0 8 1 -4300.83 -3615.41
30 0 1 0 72 8 1 30 0 8 1 -4339.95 -3669.37
29 0 1 0 72 8 1 29 0 8 1 -4354.88 -3649.85
28 0 1 0 72 8 1 28 0 8 1 -4361.02 -3632.36
27 0 1 0 72 8 1 27 0 8 1 -4399.38 -3612.84
26 0 1 0 72 8 1 26 0 8 1 -4302.45 -3649.48
25 0 1 0 72 8 1 25 0 8 1 -4268.79 -3601.35
24 0 1 0 72 8 1 24 0 8 1 -4368.56 -3534.43
23 0 1 0 72 8 1 23 0 8 1 -4328.26 -3657.62
22 0 1 0 72 8 1 22 0 8 1 -4244.77 -3617.22
21 0 1 0 72 8 1 21 0 8 1 -4304.83 -3693.86
20 0 1 0 72 8 1 20 0 8 1 -4332.44 -3381.70
19 0 1 0 72 8 1 19 0 8 1 -4372.00 -3716.30
18 0 1 0 72 8 1 18 0 8 1 -4206.23 -3458.38
17 0 1 0 72 8 1 17 0 8 1 -4257.94 -3421.39
16 0 1 0 72 8 1 16 0 8 1 -4253.50 -3314.20
15 0 1 0 72 8 1 15 0 8 1 -4307.15 -3375.84
14 0 1 0 72 8 1 14 0 8 1 -3981.34 -3237.28
13 0 1 0 72 8 1 13 0 8 1 -4028.78 -3176.21
12 0 1 0 72 8 1 12 0 8 1 -4030.84 -2979.09
11 0 1 0 72 8 1 11 0 8 1 -4196.26 -3025.91
10 0 1 0 72 8 1 10 0 8 1 -4004.11 -2935.42
9 0 1 0 72 8 1 9 0 8 1 -3930.95 -2492.04
8 0 1 0 72 8 1 8 0 8 1 -3913.49 -2492.04
7 0 1 0 72 8 1 7 0 8 1 -3866.76 -2492.04
6 0 1 0 72 8 1 6 0 8 1 -3921.12 -2492.04
5 0 1 0 72 8 1 5 0 8 1 -3648.69 -2492.04
4 0 1 0 72 8 1 4 0 8 1 -3530.79 -2492.04
3 0 1 0 72 8 1 3 0 8 1 -3347.31 -2492.04
2 0 1 0 72 8 1 2 0 8 1 -3149.17 -2492.04
0 0 1 0 72 8 1 1 0 8 1 -2257.89 -2492.04
