KB MULADD LAT PREF NB MU NU KU FFTCH IFTCH NFTCH GEN-MFLOP SPC-MFLOP
80 0 4 1 80 4 4 4 0 4 4 -3757.28 -3645.62
79 0 4 1 80 4 4 4 0 4 4 -3748.39 -3645.62
78 0 4 1 80 4 4 4 0 4 4 -3749.72 -3645.62
77 0 4 1 80 4 4 4 0 4 4 -3732.70 -3645.62
76 0 4 1 80 4 4 4 0 4 4 -3737.21 -3645.62
75 0 4 1 80 4 4 4 0 4 4 -3740.49 -3645.62
74 0 4 1 80 4 4 4 0 4 4 -3736.90 -3645.62
73 0 4 1 80 4 4 4 0 4 4 -3726.26 -3645.62
72 0 4 1 80 4 4 4 0 4 4 -3714.28 -3645.62
71 0 4 1 80 4 4 4 0 4 4 -3723.46 -3645.62
70 0 4 1 80 4 4 4 0 4 4 -3731.06 -3645.62
69 0 4 1 80 4 4 4 0 4 4 -3708.91 -3645.62
68 0 4 1 80 4 4 4 0 4 4 -3696.58 -3645.62
67 0 4 1 80 4 4 4 0 4 4 -3715.83 -3645.62
66 0 4 1 80 4 4 4 0 4 4 -3711.50 -3645.62
0 0 4 1 80 4 4 4 0 4 4 -3671.25 -3645.62
