KB MULADD LAT PREF NB MU NU KU FFTCH IFTCH NFTCH GEN-MFLOP SPC-MFLOP
80 1 5 1 80 3 8 8 1 4 1 -3469.74 -2893.49
79 1 5 1 80 3 8 8 1 4 1 -3425.67 -2893.49
78 1 5 1 80 3 8 8 1 4 1 -3415.94 -2893.49
77 1 5 1 80 3 8 8 1 4 1 -3392.42 -2893.49
76 1 5 1 80 3 8 8 1 4 1 -3435.41 -2893.49
75 1 5 1 80 3 8 8 1 4 1 -3405.94 -2893.49
74 1 5 1 80 3 8 8 1 4 1 -3392.39 -2893.49
73 1 5 1 80 3 8 8 1 4 1 -3455.05 -2893.49
72 1 5 1 80 3 8 8 1 4 1 -3430.26 -2893.49
71 1 5 1 80 3 8 8 1 4 1 -3416.53 -2893.49
70 1 5 1 80 3 8 8 1 4 1 -3345.96 -2893.49
69 1 5 1 80 3 8 8 1 4 1 -3355.44 -2893.49
68 1 5 1 80 3 8 8 1 4 1 -3387.96 -2893.49
67 1 5 1 80 3 8 8 1 4 1 -3355.42 -2893.49
66 1 5 1 80 3 8 8 1 4 1 -3309.75 -2893.49
65 1 5 1 80 3 8 8 1 4 1 -3373.71 -2893.49
64 1 5 1 80 3 8 8 1 4 1 -3411.06 -2893.49
63 1 5 1 80 3 8 8 1 4 1 -3364.79 -2893.49
62 1 5 1 80 3 8 8 1 4 1 -3310.23 -2893.49
61 1 5 1 80 3 8 8 1 4 1 -3279.57 -2893.49
60 1 5 1 80 3 8 8 1 4 1 -3253.07 -2893.49
59 1 5 1 80 3 8 8 1 4 1 -3287.70 -2893.49
58 1 5 1 80 3 8 8 1 4 1 -3301.88 -2893.49
57 1 5 1 80 3 8 8 1 4 1 -3333.19 -2893.49
56 1 5 1 80 3 8 8 1 4 1 -3378.92 -2893.49
55 1 5 1 80 3 8 8 1 4 1 -3161.20 -2893.49
54 1 5 1 80 3 8 8 1 4 1 -3145.36 -2893.49
53 1 5 1 80 3 8 8 1 4 1 -3165.57 -2893.49
52 1 5 1 80 3 8 8 1 4 1 -3173.21 -2893.49
51 1 5 1 80 3 8 8 1 4 1 -3328.57 -2893.49
50 1 5 1 80 3 8 8 1 4 1 -3240.53 -2893.49
49 1 5 1 80 3 8 8 1 4 1 -3266.11 -2893.49
48 1 5 1 80 3 8 8 1 4 1 -3402.18 -2893.49
47 1 5 1 80 3 8 8 1 4 1 -3323.86 -2893.49
46 1 5 1 80 3 8 8 1 4 1 -3186.09 -2893.49
45 1 5 1 80 3 8 8 1 4 1 -3136.74 -2893.49
44 1 5 1 80 3 8 8 1 4 1 -3140.81 -2893.49
43 1 5 1 80 3 8 8 1 4 1 -3236.41 -2893.49
42 1 5 1 80 3 8 8 1 4 1 -3305.91 -2893.49
41 1 5 1 80 3 8 8 1 4 1 -3240.88 -2893.49
40 1 5 1 80 3 8 8 1 4 1 -3271.07 -2893.49
39 1 5 1 80 3 8 8 1 4 1 -3165.67 -2893.49
38 1 5 1 80 3 8 8 1 4 1 -3253.40 -2893.49
37 1 5 1 80 3 8 8 1 4 1 -3249.42 -2893.49
36 1 5 1 80 3 8 8 1 4 1 -3324.12 -2893.49
35 1 5 1 80 3 8 8 1 4 1 -3328.43 -2893.49
34 1 5 1 80 3 8 8 1 4 1 -3383.29 -2893.49
33 1 5 1 80 3 8 8 1 4 1 -3503.93 -2893.49
32 1 5 1 80 3 8 8 1 4 1 -3534.35 -2893.49
31 1 5 1 80 3 8 8 1 4 1 -3426.20 -2893.49
30 1 5 1 80 3 8 8 1 4 1 -3365.00 -2893.49
29 1 5 1 80 3 8 8 1 4 1 -3279.84 -2893.49
28 1 5 1 80 3 8 8 1 4 1 -3534.49 -2893.49
27 1 5 1 80 3 8 8 1 4 1 -3445.34 -2893.49
26 1 5 1 80 3 8 8 1 4 1 -3450.00 -2893.49
25 1 5 1 80 3 8 8 1 4 1 -3397.40 -2893.49
24 1 5 1 80 3 8 8 1 4 1 -3406.89 -2893.49
23 1 5 1 80 3 8 8 1 4 1 -3351.26 -2893.49
22 1 5 1 80 3 8 8 1 4 1 -3421.16 -2893.49
21 1 5 1 80 3 8 8 1 4 1 -3379.04 -2893.49
20 1 5 1 80 3 8 8 1 4 1 -3450.25 -2893.49
19 1 5 1 80 3 8 8 1 4 1 -3315.20 -2893.49
18 1 5 1 80 3 8 8 1 4 1 -3275.37 -2893.49
17 1 5 1 80 3 8 8 1 4 1 -3426.06 -2893.49
16 1 5 1 80 3 8 8 1 4 1 -3489.45 -2893.49
0 1 5 1 80 3 8 8 1 4 1 -2641.34 -2893.49
