KB MULADD LAT PREF NB MU NU KU FFTCH IFTCH NFTCH GEN-MFLOP SPC-MFLOP
50 1 5 1 50 2 5 1 0 3 1 -3227.51 -2820.81
49 1 5 1 50 2 5 1 0 3 1 -3209.50 -2820.81
48 1 5 1 50 2 5 1 0 3 1 -3243.83 -2820.81
47 1 5 1 50 2 5 1 0 3 1 -3209.61 -2820.81
46 1 5 1 50 2 5 1 0 3 1 -3214.55 -2820.81
45 1 5 1 50 2 5 1 0 3 1 -3206.18 -2820.81
44 1 5 1 50 2 5 1 0 3 1 -3197.06 -2820.81
43 1 5 1 50 2 5 1 0 3 1 -3201.86 -2820.81
42 1 5 1 50 2 5 1 0 3 1 -3218.15 -2820.81
41 1 5 1 50 2 5 1 0 3 1 -3201.44 -2820.81
40 1 5 1 50 2 5 1 0 3 1 -3202.10 -2820.81
39 1 5 1 50 2 5 1 0 3 1 -3185.17 -2820.81
38 1 5 1 50 2 5 1 0 3 1 -3176.56 -2820.81
37 1 5 1 50 2 5 1 0 3 1 -3176.80 -2820.81
36 1 5 1 50 2 5 1 0 3 1 -3143.51 -2820.81
35 1 5 1 50 2 5 1 0 3 1 -3159.97 -2820.81
34 1 5 1 50 2 5 1 0 3 1 -3164.51 -2820.81
33 1 5 1 50 2 5 1 0 3 1 -3128.23 -2820.81
32 1 5 1 50 2 5 1 0 3 1 -3168.42 -2820.81
31 1 5 1 50 2 5 1 0 3 1 -3139.90 -2820.81
30 1 5 1 50 2 5 1 0 3 1 -3115.71 -2820.81
29 1 5 1 50 2 5 1 0 3 1 -3131.55 -2820.81
28 1 5 1 50 2 5 1 0 3 1 -3100.28 -2820.81
27 1 5 1 50 2 5 1 0 3 1 -3111.89 -2820.81
26 1 5 1 50 2 5 1 0 3 1 -3080.61 -2820.81
25 1 5 1 50 2 5 1 0 3 1 -3096.45 -2820.81
24 1 5 1 50 2 5 1 0 3 1 -3088.41 -2820.81
23 1 5 1 50 2 5 1 0 3 1 -3053.62 -2820.81
22 1 5 1 50 2 5 1 0 3 1 -3027.05 -2820.81
21 1 5 1 50 2 5 1 0 3 1 -3000.96 -2820.81
20 1 5 1 50 2 5 1 0 3 1 -3008.63 -2820.81
0 1 5 1 50 2 5 1 0 3 1 -2711.09 -2820.81
