KB MULADD LAT PREF NB MU NU KU FFTCH IFTCH NFTCH GEN-MFLOP SPC-MFLOP
84 0 3 1 84 6 1 84 1 6 1 -3687.36 -3352.54
83 0 3 1 84 6 1 83 1 6 1 -3825.57 -3405.88
82 0 3 1 84 6 1 82 1 6 1 -3889.40 -3393.71
81 0 3 1 84 6 1 81 1 6 1 -3849.27 -3395.87
80 0 3 1 84 6 1 80 1 6 1 -2828.72 -2657.51
79 0 3 1 84 6 1 79 1 6 1 -3892.29 -3439.01
78 0 3 1 84 6 1 78 1 6 1 -3822.45 -3432.72
77 0 3 1 84 6 1 77 1 6 1 -3823.94 -3419.48
76 0 3 1 84 6 1 76 1 6 1 -3700.70 -3346.77
75 0 3 1 84 6 1 75 1 6 1 -3826.57 -3423.23
74 0 3 1 84 6 1 74 1 6 1 -3860.28 -3404.07
73 0 3 1 84 6 1 73 1 6 1 -3819.65 -3405.57
72 0 3 1 84 6 1 72 1 6 1 -3591.27 -3206.27
71 0 3 1 84 6 1 71 1 6 1 -3850.06 -3398.39
70 0 3 1 84 6 1 70 1 6 1 -3787.36 -3385.95
69 0 3 1 84 6 1 69 1 6 1 -3799.15 -3385.51
68 0 3 1 84 6 1 68 1 6 1 -3697.91 -3311.91
67 0 3 1 84 6 1 67 1 6 1 -3779.07 -3376.87
66 0 3 1 84 6 1 66 1 6 1 -3786.98 -3356.70
65 0 3 1 84 6 1 65 1 6 1 -3879.83 -3356.87
64 0 3 1 84 6 1 64 1 6 1 -2797.94 -2607.99
63 0 3 1 84 6 1 63 1 6 1 -3831.19 -3355.03
62 0 3 1 84 6 1 62 1 6 1 -3844.68 -3366.07
61 0 3 1 84 6 1 61 1 6 1 -3799.13 -3350.05
60 0 3 1 84 6 1 60 1 6 1 -3711.73 -3294.58
59 0 3 1 84 6 1 59 1 6 1 -3804.12 -3373.36
58 0 3 1 84 6 1 58 1 6 1 -3832.44 -3382.91
57 0 3 1 84 6 1 57 1 6 1 -3836.14 -3375.57
56 0 3 1 84 6 1 56 1 6 1 -3479.31 -3146.19
55 0 3 1 84 6 1 55 1 6 1 -3905.81 -3392.63
54 0 3 1 84 6 1 54 1 6 1 -3814.66 -3379.68
53 0 3 1 84 6 1 53 1 6 1 -3866.32 -3449.24
52 0 3 1 84 6 1 52 1 6 1 -3696.44 -3316.75
51 0 3 1 84 6 1 51 1 6 1 -3863.90 -3380.57
50 0 3 1 84 6 1 50 1 6 1 -3910.93 -3379.73
49 0 3 1 84 6 1 49 1 6 1 -3931.62 -3382.51
48 0 3 1 84 6 1 48 1 6 1 -2839.71 -2645.65
47 0 3 1 84 6 1 47 1 6 1 -3920.99 -3366.66
46 0 3 1 84 6 1 46 1 6 1 -3833.45 -3382.71
45 0 3 1 84 6 1 45 1 6 1 -3843.96 -3362.81
44 0 3 1 84 6 1 44 1 6 1 -3730.78 -3311.45
43 0 3 1 84 6 1 43 1 6 1 -3861.98 -3333.89
42 0 3 1 84 6 1 42 1 6 1 -3898.42 -3349.29
41 0 3 1 84 6 1 41 1 6 1 -3875.70 -3357.78
40 0 3 1 84 6 1 40 1 6 1 -3493.80 -3121.32
39 0 3 1 84 6 1 39 1 6 1 -3912.22 -3319.92
38 0 3 1 84 6 1 38 1 6 1 -3827.81 -3319.76
37 0 3 1 84 6 1 37 1 6 1 -3904.84 -3319.73
36 0 3 1 84 6 1 36 1 6 1 -3736.23 -3246.57
35 0 3 1 84 6 1 35 1 6 1 -3839.77 -3288.06
34 0 3 1 84 6 1 34 1 6 1 -3806.44 -3291.10
33 0 3 1 84 6 1 33 1 6 1 -3875.13 -3259.22
32 0 3 1 84 6 1 32 1 6 1 -2826.07 -2547.28
31 0 3 1 84 6 1 31 1 6 1 -3818.19 -3208.52
30 0 3 1 84 6 1 30 1 6 1 -3770.18 -3183.72
29 0 3 1 84 6 1 29 1 6 1 -3834.66 -3191.43
28 0 3 1 84 6 1 28 1 6 1 -3662.99 -3109.67
27 0 3 1 84 6 1 27 1 6 1 -3783.39 -3320.46
26 0 3 1 84 6 1 26 1 6 1 -3815.11 -3139.71
25 0 3 1 84 6 1 25 1 6 1 -3769.20 -3118.90
24 0 3 1 84 6 1 24 1 6 1 -3414.47 -3032.49
23 0 3 1 84 6 1 23 1 6 1 -3798.77 -3077.95
22 0 3 1 84 6 1 22 1 6 1 -3785.71 -3044.01
21 0 3 1 84 6 1 21 1 6 1 -3796.99 -3019.34
20 0 3 1 84 6 1 20 1 6 1 -3578.94 -2946.71
19 0 3 1 84 6 1 19 1 6 1 -3761.93 -2962.19
18 0 3 1 84 6 1 18 1 6 1 -3733.15 -2901.09
17 0 3 1 84 6 1 17 1 6 1 -3654.90 -2891.86
16 0 3 1 84 6 1 16 1 6 1 -2739.03 -2279.22
15 0 3 1 84 6 1 15 1 6 1 -3660.45 -2862.95
14 0 3 1 84 6 1 14 1 6 1 -3678.28 -2830.60
13 0 3 1 84 6 1 13 1 6 1 -3596.29 -2715.50
12 0 3 1 84 6 1 12 1 6 1 -3466.07 -2626.09
11 0 3 1 84 6 1 11 1 6 1 -3552.38 -1896.58
10 0 3 1 84 6 1 10 1 6 1 -3392.55 -1987.69
9 0 3 1 84 6 1 9 1 6 1 -3351.08 -1825.15
8 0 3 1 84 6 1 8 1 6 1 -3022.43 -1886.47
7 0 3 1 84 6 1 7 1 6 1 -3244.34 -1771.32
6 0 3 1 84 6 1 6 1 6 1 -3141.91 -1723.31
5 0 3 1 84 6 1 5 1 6 1 -3046.48 -1675.34
4 0 3 1 84 6 1 4 1 6 1 -2960.97 -1579.29
3 0 3 1 84 6 1 3 1 6 1 -2764.55 -1500.28
2 0 3 1 84 6 1 2 1 6 1 -2436.84 -1446.96
0 0 3 1 84 6 1 1 1 6 1 -1444.41 -1446.96
