KB MULADD LAT PREF NB MU NU KU FFTCH IFTCH NFTCH GEN-MFLOP SPC-MFLOP
56 0 3 1 56 4 1 56 0 3 2 -3413.19 -2850.97
55 0 3 1 56 4 1 55 0 3 2 -3417.84 -2886.66
54 0 3 1 56 4 1 54 0 3 2 -3427.80 -2889.32
53 0 3 1 56 4 1 53 0 3 2 -3441.85 -2901.27
52 0 3 1 56 4 1 52 0 3 2 -3437.68 -2872.86
51 0 3 1 56 4 1 51 0 3 2 -3408.67 -2874.18
50 0 3 1 56 4 1 50 0 3 2 -3417.89 -2932.49
49 0 3 1 56 4 1 49 0 3 2 -3412.35 -2909.32
48 0 3 1 56 4 1 48 0 3 2 -3403.90 -2903.71
47 0 3 1 56 4 1 47 0 3 2 -3405.31 -2890.13
46 0 3 1 56 4 1 46 0 3 2 -3369.80 -2882.24
45 0 3 1 56 4 1 45 0 3 2 -3394.07 -2898.54
44 0 3 1 56 4 1 44 0 3 2 -3396.86 -2853.21
43 0 3 1 56 4 1 43 0 3 2 -3381.88 -2867.18
42 0 3 1 56 4 1 42 0 3 2 -3390.35 -2837.01
41 0 3 1 56 4 1 41 0 3 2 -3395.19 -2813.11
40 0 3 1 56 4 1 40 0 3 2 -3334.06 -2780.21
39 0 3 1 56 4 1 39 0 3 2 -3352.45 -2783.69
38 0 3 1 56 4 1 38 0 3 2 -3369.92 -2769.07
37 0 3 1 56 4 1 37 0 3 2 -3373.87 -2768.74
36 0 3 1 56 4 1 36 0 3 2 -3370.19 -2722.26
35 0 3 1 56 4 1 35 0 3 2 -3360.18 -2722.04
34 0 3 1 56 4 1 34 0 3 2 -3364.75 -2797.93
33 0 3 1 56 4 1 33 0 3 2 -3359.24 -2779.20
32 0 3 1 56 4 1 32 0 3 2 -3344.30 -2751.73
31 0 3 1 56 4 1 31 0 3 2 -3317.64 -2739.05
30 0 3 1 56 4 1 30 0 3 2 -3333.68 -2716.53
29 0 3 1 56 4 1 29 0 3 2 -3343.55 -2732.72
28 0 3 1 56 4 1 28 0 3 2 -3342.46 -2665.64
27 0 3 1 56 4 1 27 0 3 2 -3273.14 -2678.30
26 0 3 1 56 4 1 26 0 3 2 -3312.09 -2629.88
25 0 3 1 56 4 1 25 0 3 2 -3315.99 -2587.12
24 0 3 1 56 4 1 24 0 3 2 -3263.63 -2557.92
23 0 3 1 56 4 1 23 0 3 2 -3300.37 -2550.37
22 0 3 1 56 4 1 22 0 3 2 -3238.54 -2538.02
21 0 3 1 56 4 1 21 0 3 2 -3293.37 -2510.53
20 0 3 1 56 4 1 20 0 3 2 -3279.59 -2463.74
19 0 3 1 56 4 1 19 0 3 2 -3182.88 -2449.69
18 0 3 1 56 4 1 18 0 3 2 -3255.59 -2569.01
17 0 3 1 56 4 1 17 0 3 2 -3215.27 -2544.08
16 0 3 1 56 4 1 16 0 3 2 -3218.13 -2455.46
15 0 3 1 56 4 1 15 0 3 2 -3192.28 -2508.98
14 0 3 1 56 4 1 14 0 3 2 -3168.39 -2418.28
13 0 3 1 56 4 1 13 0 3 2 -3144.81 -2419.04
12 0 3 1 56 4 1 12 0 3 2 -3118.18 -2268.55
11 0 3 1 56 4 1 11 0 3 2 -3026.49 -2252.22
10 0 3 1 56 4 1 10 0 3 2 -3025.97 -2190.63
9 0 3 1 56 4 1 9 0 3 2 -2985.43 -2062.14
8 0 3 1 56 4 1 8 0 3 2 -2905.97 -1976.08
7 0 3 1 56 4 1 7 0 3 2 -2827.03 -1905.55
6 0 3 1 56 4 1 6 0 3 2 -2717.92 -1678.59
5 0 3 1 56 4 1 5 0 3 2 -2537.20 -1578.87
4 0 3 1 56 4 1 4 0 3 2 -2362.43 -1354.08
3 0 3 1 56 4 1 3 0 3 2 -2125.21 -1163.01
2 0 3 1 56 4 1 2 0 3 2 -1771.22 -1155.04
1 0 3 1 56 4 1 1 0 3 2 -1187.75 -1155.04
0 0 4 1 56 4 1 1 0 3 2 -1187.75 -1155.04
