KB MULADD LAT PREF NB MU NU KU FFTCH IFTCH NFTCH GEN-MFLOP SPC-MFLOP
120 1 5 513 120 4 1 120 0 3 2 -3194.78 -2984.28
119 1 5 513 120 4 1 119 0 3 2 -3206.02 -3021.94
118 1 5 513 120 4 1 118 0 3 2 -3444.58 -3012.03
117 1 5 513 120 4 1 117 0 3 2 -3806.87 -3032.27
116 1 5 513 120 4 1 116 0 3 2 -3231.86 -2999.09
115 1 5 513 120 4 1 115 0 3 2 -3190.18 -2988.48
114 1 5 513 120 4 1 114 0 3 2 -3510.18 -3038.88
113 1 5 513 120 4 1 113 0 3 2 -3775.95 -2961.16
112 1 5 513 120 4 1 112 0 3 2 -3074.25 -2919.55
111 1 5 513 120 4 1 111 0 3 2 -3799.05 -3074.59
110 1 5 513 120 4 1 110 0 3 2 -3661.56 -3019.48
109 1 5 513 120 4 1 109 0 3 2 -3891.61 -2992.33
108 1 5 513 120 4 1 108 0 3 2 -3179.53 -3043.25
107 1 5 513 120 4 1 107 0 3 2 -3179.34 -3050.42
106 1 5 513 120 4 1 106 0 3 2 -3514.28 -3047.76
105 1 5 513 120 4 1 105 0 3 2 -3845.96 -3065.98
104 1 5 513 120 4 1 104 0 3 2 -3174.80 -2958.84
103 1 5 513 120 4 1 103 0 3 2 -3238.96 -3086.92
102 1 5 513 120 4 1 102 0 3 2 -3483.35 -3066.50
101 1 5 513 120 4 1 101 0 3 2 -3836.38 -3034.67
100 1 5 513 120 4 1 100 0 3 2 -3184.16 -2889.42
99 1 5 513 120 4 1 99 0 3 2 -3224.74 -3026.19
98 1 5 513 120 4 1 98 0 3 2 -3450.13 -3053.09
97 1 5 513 120 4 1 97 0 3 2 -3795.94 -2960.47
96 1 5 513 120 4 1 96 0 3 2 -3183.98 -2852.28
95 1 5 513 120 4 1 95 0 3 2 -3203.34 -3086.78
94 1 5 513 120 4 1 94 0 3 2 -3522.06 -3049.26
93 1 5 513 120 4 1 93 0 3 2 -3827.40 -2961.69
92 1 5 513 120 4 1 92 0 3 2 -3172.73 -3095.49
91 1 5 513 120 4 1 91 0 3 2 -3215.95 -3095.27
90 1 5 513 120 4 1 90 0 3 2 -3496.01 -3028.47
89 1 5 513 120 4 1 89 0 3 2 -3901.46 -2998.83
88 1 5 513 120 4 1 88 0 3 2 -3172.94 -2999.76
87 1 5 513 120 4 1 87 0 3 2 -3157.98 -3089.81
86 1 5 513 120 4 1 86 0 3 2 -3563.26 -3094.01
85 1 5 513 120 4 1 85 0 3 2 -3957.00 -3058.85
84 1 5 513 120 4 1 84 0 3 2 -3274.24 -2944.21
83 1 5 513 120 4 1 83 0 3 2 -3231.60 -3054.67
82 1 5 513 120 4 1 82 0 3 2 -3501.75 -3034.44
81 1 5 513 120 4 1 81 0 3 2 -3878.19 -3030.21
80 1 5 513 120 4 1 80 0 3 2 -3283.93 -2879.17
79 1 5 513 120 4 1 79 0 3 2 -3219.20 -3084.22
78 1 5 513 120 4 1 78 0 3 2 -3452.93 -3043.50
77 1 5 513 120 4 1 77 0 3 2 -3935.26 -2961.52
76 1 5 513 120 4 1 76 0 3 2 -3182.14 -3091.97
75 1 5 513 120 4 1 75 0 3 2 -3254.94 -3078.04
74 1 5 513 120 4 1 74 0 3 2 -3532.49 -3062.54
73 1 5 513 120 4 1 73 0 3 2 -3859.71 -3023.35
72 1 5 513 120 4 1 72 0 3 2 -3202.36 -3037.14
71 1 5 513 120 4 1 71 0 3 2 -3228.86 -2995.51
70 1 5 513 120 4 1 70 0 3 2 -3549.04 -3095.31
69 1 5 513 120 4 1 69 0 3 2 -3984.09 -3045.39
68 1 5 513 120 4 1 68 0 3 2 -3287.77 -2899.98
67 1 5 513 120 4 1 67 0 3 2 -3260.75 -2998.46
66 1 5 513 120 4 1 66 0 3 2 -3931.56 -3010.81
65 1 5 513 120 4 1 65 0 3 2 -3326.41 -2959.83
64 1 5 513 120 4 1 64 0 3 2 -3086.91 -2825.31
63 1 5 513 120 4 1 63 0 3 2 -3174.19 -3090.44
62 1 5 513 120 4 1 62 0 3 2 -3567.52 -3050.60
61 1 5 513 120 4 1 61 0 3 2 -3874.90 -2942.34
60 1 5 513 120 4 1 60 0 3 2 -3272.99 -3008.23
59 1 5 513 120 4 1 59 0 3 2 -3239.19 -3011.74
58 1 5 513 120 4 1 58 0 3 2 -3485.44 -2970.36
57 1 5 513 120 4 1 57 0 3 2 -3823.62 -3042.24
56 1 5 513 120 4 1 56 0 3 2 -3226.12 -2964.91
55 1 5 513 120 4 1 55 0 3 2 -3174.57 -2984.53
54 1 5 513 120 4 1 54 0 3 2 -3485.39 -3035.83
53 1 5 513 120 4 1 53 0 3 2 -3842.33 -2908.84
52 1 5 513 120 4 1 52 0 3 2 -3226.78 -2935.34
51 1 5 513 120 4 1 51 0 3 2 -3221.87 -2908.86
50 1 5 513 120 4 1 50 0 3 2 -3486.70 -3003.41
49 1 5 513 120 4 1 49 0 3 2 -3768.86 -2965.24
48 1 5 513 120 4 1 48 0 3 2 -3255.52 -2744.50
47 1 5 513 120 4 1 47 0 3 2 -3192.02 -3053.98
46 1 5 513 120 4 1 46 0 3 2 -3466.40 -3062.41
45 1 5 513 120 4 1 45 0 3 2 -3807.56 -2874.60
44 1 5 513 120 4 1 44 0 3 2 -3154.23 -3039.71
43 1 5 513 120 4 1 43 0 3 2 -3202.15 -2973.36
42 1 5 513 120 4 1 42 0 3 2 -3451.87 -2962.82
41 1 5 513 120 4 1 41 0 3 2 -3752.53 -2932.96
40 1 5 513 120 4 1 40 0 3 2 -3125.83 -2845.24
39 1 5 513 120 4 1 39 0 3 2 -3196.52 -2927.46
38 1 5 513 120 4 1 38 0 3 2 -3406.95 -2961.86
37 1 5 513 120 4 1 37 0 3 2 -3731.79 -2852.30
36 1 5 513 120 4 1 36 0 3 2 -3160.00 -2846.97
35 1 5 513 120 4 1 35 0 3 2 -3180.25 -2839.52
34 1 5 513 120 4 1 34 0 3 2 -3818.19 -2845.34
33 1 5 513 120 4 1 33 0 3 2 -3150.20 -2816.09
32 1 5 513 120 4 1 32 0 3 2 -3014.01 -2614.86
31 1 5 513 120 4 1 31 0 3 2 -3774.53 -2995.99
30 1 5 513 120 4 1 30 0 3 2 -3415.49 -3020.07
29 1 5 513 120 4 1 29 0 3 2 -3450.63 -2854.12
28 1 5 513 120 4 1 28 0 3 2 -3104.94 -2974.30
27 1 5 513 120 4 1 27 0 3 2 -3725.37 -2852.99
26 1 5 513 120 4 1 26 0 3 2 -3735.89 -2930.39
25 1 5 513 120 4 1 25 0 3 2 -3671.51 -2871.51
24 1 5 513 120 4 1 24 0 3 2 -3462.80 -2786.02
23 1 5 513 120 4 1 23 0 3 2 -3494.15 -2817.28
22 1 5 513 120 4 1 22 0 3 2 -3120.50 -2802.14
21 1 5 513 120 4 1 21 0 3 2 -3007.55 -2659.08
20 1 5 513 120 4 1 20 0 3 2 -3017.69 -2569.98
19 1 5 513 120 4 1 19 0 3 2 -3042.04 -2614.71
18 1 5 513 120 4 1 18 0 3 2 -3073.45 -2617.12
17 1 5 513 120 4 1 17 0 3 2 -2993.01 -2530.76
16 1 5 513 120 4 1 16 0 3 2 -2799.51 -2331.70
15 1 5 513 120 4 1 15 0 3 2 -3485.76 -2292.71
14 1 5 513 120 4 1 14 0 3 2 -3154.09 -2429.00
13 1 5 513 120 4 1 13 0 3 2 -3161.64 -2242.25
12 1 5 513 120 4 1 12 0 3 2 -3200.41 -2287.24
11 1 5 513 120 4 1 11 0 3 2 -3135.54 -2242.25
10 1 5 513 120 4 1 10 0 3 2 -3140.97 -2242.25
9 1 5 513 120 4 1 9 0 3 2 -2680.16 -2242.25
8 1 5 513 120 4 1 8 0 3 2 -3035.57 -2242.25
7 1 5 513 120 4 1 7 0 3 2 -2584.89 -2242.25
6 1 5 513 120 4 1 6 0 3 2 -2848.02 -2242.25
5 1 5 513 120 4 1 5 0 3 2 -2399.57 -2242.25
0 1 5 513 120 4 1 1 0 3 2 -2257.25 -2242.25
