KB MULADD LAT PREF NB MU NU KU FFTCH IFTCH NFTCH GEN-MFLOP SPC-MFLOP
60 1 5 512 60 4 1 60 0 5 1 -3434.20 -2752.02
59 1 5 512 60 4 1 59 0 5 1 -3532.40 -2825.67
58 1 5 512 60 4 1 58 0 5 1 -3470.24 -2770.69
57 1 5 512 60 4 1 57 0 5 1 -3377.78 -2794.89
56 1 5 512 60 4 1 56 0 5 1 -3272.60 -2781.25
55 1 5 512 60 4 1 55 0 5 1 -3472.84 -2747.83
54 1 5 512 60 4 1 54 0 5 1 -3469.62 -2709.95
53 1 5 512 60 4 1 53 0 5 1 -3412.47 -2704.84
52 1 5 512 60 4 1 52 0 5 1 -3502.99 -2698.51
51 1 5 512 60 4 1 51 0 5 1 -3492.25 -2697.58
50 1 5 512 60 4 1 50 0 5 1 -3402.86 -2741.97
49 1 5 512 60 4 1 49 0 5 1 -3399.35 -2722.68
48 1 5 512 60 4 1 48 0 5 1 -3308.11 -2627.53
47 1 5 512 60 4 1 47 0 5 1 -3408.34 -2722.27
46 1 5 512 60 4 1 46 0 5 1 -3410.29 -2742.46
45 1 5 512 60 4 1 45 0 5 1 -3365.31 -2712.98
44 1 5 512 60 4 1 44 0 5 1 -3417.34 -2705.50
43 1 5 512 60 4 1 43 0 5 1 -3389.54 -2699.52
42 1 5 512 60 4 1 42 0 5 1 -3368.50 -2687.81
41 1 5 512 60 4 1 41 0 5 1 -3339.53 -2730.11
40 1 5 512 60 4 1 40 0 5 1 -2890.57 -2683.14
39 1 5 512 60 4 1 39 0 5 1 -3437.90 -2667.72
38 1 5 512 60 4 1 38 0 5 1 -3298.26 -2734.92
37 1 5 512 60 4 1 37 0 5 1 -3321.98 -2618.46
36 1 5 512 60 4 1 36 0 5 1 -2930.25 -2615.84
35 1 5 512 60 4 1 35 0 5 1 -3344.64 -2602.87
34 1 5 512 60 4 1 34 0 5 1 -3282.47 -2656.98
33 1 5 512 60 4 1 33 0 5 1 -3263.50 -2572.62
32 1 5 512 60 4 1 32 0 5 1 -3094.93 -2618.62
31 1 5 512 60 4 1 31 0 5 1 -3291.13 -2809.14
30 1 5 512 60 4 1 30 0 5 1 -3299.05 -2814.10
29 1 5 512 60 4 1 29 0 5 1 -3218.50 -2821.75
28 1 5 512 60 4 1 28 0 5 1 -3343.33 -2754.45
27 1 5 512 60 4 1 27 0 5 1 -3316.96 -2738.18
26 1 5 512 60 4 1 26 0 5 1 -3259.72 -2727.41
25 1 5 512 60 4 1 25 0 5 1 -3219.97 -2662.43
24 1 5 512 60 4 1 24 0 5 1 -2834.72 -2579.85
23 1 5 512 60 4 1 23 0 5 1 -3264.78 -2600.81
22 1 5 512 60 4 1 22 0 5 1 -3191.72 -2569.10
21 1 5 512 60 4 1 21 0 5 1 -3136.59 -2570.46
20 1 5 512 60 4 1 20 0 5 1 -2884.13 -2558.68
19 1 5 512 60 4 1 19 0 5 1 -3248.47 -2602.40
18 1 5 512 60 4 1 18 0 5 1 -3105.31 -2576.60
17 1 5 512 60 4 1 17 0 5 1 -3051.39 -2430.38
16 1 5 512 60 4 1 16 0 5 1 -2981.29 -2513.54
15 1 5 512 60 4 1 15 0 5 1 -3183.66 -2313.99
14 1 5 512 60 4 1 14 0 5 1 -3003.38 -2290.76
13 1 5 512 60 4 1 13 0 5 1 -2928.91 -2135.67
12 1 5 512 60 4 1 12 0 5 1 -2712.40 -2290.49
11 1 5 512 60 4 1 11 0 5 1 -2830.46 -2115.95
10 1 5 512 60 4 1 10 0 5 1 -2645.50 -2169.79
9 1 5 512 60 4 1 9 0 5 1 -2826.69 -2076.01
8 1 5 512 60 4 1 8 0 5 1 -2469.06 -2076.01
7 1 5 512 60 4 1 7 0 5 1 -2478.30 -2076.01
6 1 5 512 60 4 1 6 0 5 1 -2630.84 -2076.01
5 1 5 512 60 4 1 5 0 5 1 -2201.91 -2076.01
4 1 5 512 60 4 1 4 0 5 1 -2292.03 -2076.01
3 1 5 512 60 4 1 3 0 5 1 -2147.54 -2076.01
0 1 5 512 60 4 1 1 0 5 1 -1846.67 -2076.01
