KB MULADD LAT PREF NB MU NU KU FFTCH IFTCH NFTCH GEN-MFLOP SPC-MFLOP
20 1 4 513 20 1 4 20 0 4 1 -540.39 -475.49
19 1 4 513 20 1 4 19 0 4 1 -540.99 -490.00
18 1 4 513 20 1 4 18 0 4 1 -530.76 -489.88
17 1 4 513 20 1 4 17 0 4 1 -521.17 -471.65
16 1 4 513 20 1 4 16 0 4 1 -521.25 -453.56
15 1 4 513 20 1 4 15 0 4 1 -556.18 -459.23
14 1 4 513 20 1 4 14 0 4 1 -519.56 -455.77
13 1 4 513 20 1 4 13 0 4 1 -532.71 -450.14
12 1 4 513 20 1 4 12 0 4 1 -526.89 -438.72
11 1 4 513 20 1 4 11 0 4 1 -535.12 -434.71
10 1 4 513 20 1 4 10 0 4 1 -526.95 -432.56
9 1 4 513 20 1 4 9 0 4 1 -508.82 -411.48
8 1 4 513 20 1 4 8 0 4 1 -507.91 -385.46
7 1 4 513 20 1 4 7 0 4 1 -525.15 -373.40
6 1 4 513 20 1 4 6 0 4 1 -493.09 -353.64
5 1 4 513 20 1 4 5 0 4 1 -483.54 -335.02
4 1 4 513 20 1 4 4 0 4 1 -470.04 -334.06
3 1 4 513 20 1 4 3 0 4 1 -417.15 -334.06
0 1 4 513 20 1 4 1 0 4 1 -318.75 -334.06
