KB MULADD LAT PREF NB MU NU KU FFTCH IFTCH NFTCH GEN-MFLOP SPC-MFLOP
42 1 7 1 42 3 1 42 0 2 1 -6489.14 -6064.71
41 1 7 1 42 3 1 41 0 2 1 -6467.24 -6159.32
40 1 7 1 42 3 1 40 0 2 1 -6369.22 -6023.20
39 1 7 1 42 3 1 39 0 2 1 -6494.07 -6160.83
38 1 7 1 42 3 1 38 0 2 1 -6508.15 -6146.89
37 1 7 1 42 3 1 37 0 2 1 -6491.95 -6137.94
36 1 7 1 42 3 1 36 0 2 1 -6488.58 -6104.03
35 1 7 1 42 3 1 35 0 2 1 -6498.28 -6130.32
34 1 7 1 42 3 1 34 0 2 1 -6513.27 -6118.02
33 1 7 1 42 3 1 33 0 2 1 -6476.60 -6070.97
32 1 7 1 42 3 1 32 0 2 1 -6350.84 -5905.48
31 1 7 1 42 3 1 31 0 2 1 -6501.27 -6048.47
30 1 7 1 42 3 1 30 0 2 1 -6511.24 -6041.61
29 1 7 1 42 3 1 29 0 2 1 -6433.00 -6022.21
28 1 7 1 42 3 1 28 0 2 1 -6492.84 -6006.71
27 1 7 1 42 3 1 27 0 2 1 -6501.63 -6006.18
26 1 7 1 42 3 1 26 0 2 1 -6502.64 -5982.11
25 1 7 1 42 3 1 25 0 2 1 -6481.68 -5866.39
24 1 7 1 42 3 1 24 0 2 1 -6329.89 -5730.81
23 1 7 1 42 3 1 23 0 2 1 -6504.94 -5799.81
22 1 7 1 42 3 1 22 0 2 1 -6519.68 -5737.68
21 1 7 1 42 3 1 21 0 2 1 -6496.69 -5725.38
20 1 7 1 42 3 1 20 0 2 1 -6493.74 -5703.92
19 1 7 1 42 3 1 19 0 2 1 -6500.63 -5672.39
18 1 7 1 42 3 1 18 0 2 1 -6504.95 -5638.35
17 1 7 1 42 3 1 17 0 2 1 -6454.36 -5507.75
16 1 7 1 42 3 1 16 0 2 1 -6274.91 -4623.42
15 1 7 1 42 3 1 15 0 2 1 -6483.26 -5393.07
14 1 7 1 42 3 1 14 0 2 1 -6465.14 -5378.30
13 1 7 1 42 3 1 13 0 2 1 -6455.22 -5315.42
12 1 7 1 42 3 1 12 0 2 1 -6386.15 -5169.20
11 1 7 1 42 3 1 11 0 2 1 -6387.31 -5121.16
10 1 7 1 42 3 1 10 0 2 1 -6365.40 -5001.40
9 1 7 1 42 3 1 9 0 2 1 -6277.06 -4798.40
8 1 7 1 42 3 1 8 0 2 1 -5926.93 -4394.45
7 1 7 1 42 3 1 7 0 2 1 -6209.01 -4570.80
6 1 7 1 42 3 1 6 0 2 1 -5983.70 -4394.45
5 1 7 1 42 3 1 5 0 2 1 -5872.81 -4394.45
4 1 7 1 42 3 1 4 0 2 1 -5206.58 -4394.45
3 1 7 1 42 3 1 3 0 2 1 -5123.32 -4394.45
0 1 7 1 42 3 1 1 0 2 1 -4346.76 -4394.45
