KB MULADD LAT PREF NB MU NU KU FFTCH IFTCH NFTCH GEN-MFLOP SPC-MFLOP
60 0 4 1 60 3 1 60 1 4 1 -6682.89 -5924.33
59 0 4 1 60 3 1 59 1 4 1 -6656.33 -5922.05
58 0 4 1 60 3 1 58 1 4 1 -6654.10 -5897.82
57 0 4 1 60 3 1 57 1 4 1 -6679.07 -5890.73
56 0 4 1 60 3 1 56 1 4 1 -6668.68 -5866.84
55 0 4 1 60 3 1 55 1 4 1 -6688.20 -5870.88
54 0 4 1 60 3 1 54 1 4 1 -6686.89 -5856.12
53 0 4 1 60 3 1 53 1 4 1 -6680.55 -5848.12
52 0 4 1 60 3 1 52 1 4 1 -6684.64 -5833.90
51 0 4 1 60 3 1 51 1 4 1 -6684.04 -5824.15
50 0 4 1 60 3 1 50 1 4 1 -6682.02 -5795.51
49 0 4 1 60 3 1 49 1 4 1 -6668.92 -5776.28
48 0 4 1 60 3 1 48 1 4 1 -6601.25 -5736.42
47 0 4 1 60 3 1 47 1 4 1 -6681.92 -5754.60
46 0 4 1 60 3 1 46 1 4 1 -6688.07 -5728.07
45 0 4 1 60 3 1 45 1 4 1 -6685.95 -5712.90
44 0 4 1 60 3 1 44 1 4 1 -6684.05 -5689.28
43 0 4 1 60 3 1 43 1 4 1 -6649.89 -5678.04
42 0 4 1 60 3 1 42 1 4 1 -6686.39 -5653.85
41 0 4 1 60 3 1 41 1 4 1 -6651.23 -5636.25
40 0 4 1 60 3 1 40 1 4 1 -6675.70 -5605.82
39 0 4 1 60 3 1 39 1 4 1 -6679.95 -5600.70
38 0 4 1 60 3 1 38 1 4 1 -6681.85 -5568.20
37 0 4 1 60 3 1 37 1 4 1 -6678.40 -5513.24
36 0 4 1 60 3 1 36 1 4 1 -6685.96 -5515.48
35 0 4 1 60 3 1 35 1 4 1 -6680.28 -5503.87
34 0 4 1 60 3 1 34 1 4 1 -6681.96 -5443.75
33 0 4 1 60 3 1 33 1 4 1 -6618.02 -5422.60
32 0 4 1 60 3 1 32 1 4 1 -6614.95 -5362.02
31 0 4 1 60 3 1 31 1 4 1 -6679.92 -5433.50
30 0 4 1 60 3 1 30 1 4 1 -6649.36 -5405.68
29 0 4 1 60 3 1 29 1 4 1 -6675.64 -5373.13
28 0 4 1 60 3 1 28 1 4 1 -6670.38 -5340.64
27 0 4 1 60 3 1 27 1 4 1 -6676.95 -5298.03
26 0 4 1 60 3 1 26 1 4 1 -6670.09 -5276.94
25 0 4 1 60 3 1 25 1 4 1 -6625.95 -5204.78
24 0 4 1 60 3 1 24 1 4 1 -6663.37 -5167.62
23 0 4 1 60 3 1 23 1 4 1 -6676.12 -5089.52
22 0 4 1 60 3 1 22 1 4 1 -6676.60 -5061.50
21 0 4 1 60 3 1 21 1 4 1 -6669.03 -4977.80
20 0 4 1 60 3 1 20 1 4 1 -6669.77 -4931.04
19 0 4 1 60 3 1 19 1 4 1 -6650.91 -4850.66
18 0 4 1 60 3 1 18 1 4 1 -6670.05 -4801.90
17 0 4 1 60 3 1 17 1 4 1 -6636.52 -4692.50
16 0 4 1 60 3 1 16 1 4 1 -6561.20 -4558.18
15 0 4 1 60 3 1 15 1 4 1 -6654.48 -4492.92
14 0 4 1 60 3 1 14 1 4 1 -6651.63 -4434.82
13 0 4 1 60 3 1 13 1 4 1 -6626.46 -4274.18
12 0 4 1 60 3 1 12 1 4 1 -6642.38 -4175.07
11 0 4 1 60 3 1 11 1 4 1 -6627.97 -4005.18
10 0 4 1 60 3 1 10 1 4 1 -6625.78 -3919.29
9 0 4 1 60 3 1 9 1 4 1 -6601.63 -3694.04
8 0 4 1 60 3 1 8 1 4 1 -6590.40 -3455.41
7 0 4 1 60 3 1 7 1 4 1 -6528.34 -3371.60
6 0 4 1 60 3 1 6 1 4 1 -6498.84 -3375.39
5 0 4 1 60 3 1 5 1 4 1 -6382.13 -3258.66
4 0 4 1 60 3 1 4 1 4 1 -6180.94 -2377.93
3 0 4 1 60 3 1 3 1 4 1 -5818.64 -2699.93
2 0 4 1 60 3 1 2 1 4 1 -4935.48 -2377.93
1 0 4 1 60 3 1 1 1 4 1 -3278.26 -2377.93
0 0 3 1 60 3 1 1 1 4 1 -3278.26 -2377.93
