KB MULADD LAT PREF NB MU NU KU FFTCH IFTCH NFTCH GEN-MFLOP SPC-MFLOP
80 1 12 1 80 2 12 1 0 7 5 -5023.01 -4737.92
79 1 12 1 80 2 12 1 0 7 5 -5011.31 -4737.92
78 1 12 1 80 2 12 1 0 7 5 -4926.17 -4737.92
77 1 12 1 80 2 12 1 0 7 5 -4982.22 -4737.92
76 1 12 1 80 2 12 1 0 7 5 -4974.43 -4737.92
75 1 12 1 80 2 12 1 0 7 5 -4996.53 -4737.92
74 1 12 1 80 2 12 1 0 7 5 -4936.70 -4737.92
73 1 12 1 80 2 12 1 0 7 5 -5004.01 -4737.92
72 1 12 1 80 2 12 1 0 7 5 -4903.64 -4737.92
71 1 12 1 80 2 12 1 0 7 5 -4972.25 -4737.92
70 1 12 1 80 2 12 1 0 7 5 -4814.89 -4737.92
69 1 12 1 80 2 12 1 0 7 5 -4907.50 -4737.92
68 1 12 1 80 2 12 1 0 7 5 -4930.26 -4737.92
67 1 12 1 80 2 12 1 0 7 5 -4916.18 -4737.92
66 1 12 1 80 2 12 1 0 7 5 -4874.95 -4737.92
65 1 12 1 80 2 12 1 0 7 5 -5037.98 -4737.92
64 1 12 1 80 2 12 1 0 7 5 -4905.52 -4737.92
63 1 12 1 80 2 12 1 0 7 5 -4859.01 -4737.92
62 1 12 1 80 2 12 1 0 7 5 -4937.92 -4737.92
61 1 12 1 80 2 12 1 0 7 5 -4865.89 -4737.92
60 1 12 1 80 2 12 1 0 7 5 -4873.08 -4737.92
59 1 12 1 80 2 12 1 0 7 5 -4928.45 -4737.92
58 1 12 1 80 2 12 1 0 7 5 -4952.30 -4737.92
57 1 12 1 80 2 12 1 0 7 5 -4926.86 -4737.92
56 1 12 1 80 2 12 1 0 7 5 -4969.74 -4737.92
55 1 12 1 80 2 12 1 0 7 5 -4944.70 -4737.92
54 1 12 1 80 2 12 1 0 7 5 -4925.39 -4737.92
53 1 12 1 80 2 12 1 0 7 5 -4957.65 -4737.92
52 1 12 1 80 2 12 1 0 7 5 -4969.76 -4737.92
51 1 12 1 80 2 12 1 0 7 5 -4872.05 -4737.92
50 1 12 1 80 2 12 1 0 7 5 -4913.16 -4737.92
49 1 12 1 80 2 12 1 0 7 5 -4943.66 -4737.92
48 1 12 1 80 2 12 1 0 7 5 -4968.35 -4737.92
47 1 12 1 80 2 12 1 0 7 5 -4858.05 -4737.92
46 1 12 1 80 2 12 1 0 7 5 -4819.83 -4737.92
45 1 12 1 80 2 12 1 0 7 5 -4858.82 -4737.92
44 1 12 1 80 2 12 1 0 7 5 -4841.11 -4737.92
43 1 12 1 80 2 12 1 0 7 5 -4911.11 -4737.92
42 1 12 1 80 2 12 1 0 7 5 -4913.03 -4737.92
41 1 12 1 80 2 12 1 0 7 5 -5009.64 -4737.92
40 1 12 1 80 2 12 1 0 7 5 -4909.12 -4737.92
39 1 12 1 80 2 12 1 0 7 5 -4860.42 -4737.92
38 1 12 1 80 2 12 1 0 7 5 -4907.57 -4737.92
37 1 12 1 80 2 12 1 0 7 5 -4922.52 -4737.92
36 1 12 1 80 2 12 1 0 7 5 -4884.86 -4737.92
35 1 12 1 80 2 12 1 0 7 5 -4850.66 -4737.92
0 1 12 1 80 2 12 1 0 7 5 -4770.38 -4737.92
