KB MULADD LAT PREF NB MU NU KU FFTCH IFTCH NFTCH GEN-MFLOP SPC-MFLOP
56 1 8 0 56 2 12 1 0 6 5 -6469.62 -3434.68
55 1 8 0 56 2 12 1 0 6 5 -6454.11 -3434.68
54 1 8 0 56 2 12 1 0 6 5 -6453.35 -3434.68
53 1 8 0 56 2 12 1 0 6 5 -6456.37 -3434.68
52 1 8 0 56 2 12 1 0 6 5 -6459.66 -3434.68
51 1 8 0 56 2 12 1 0 6 5 -6470.22 -3434.68
50 1 8 0 56 2 12 1 0 6 5 -6504.44 -3434.68
49 1 8 0 56 2 12 1 0 6 5 -6721.74 -3434.68
48 1 8 0 56 2 12 1 0 6 5 -6438.09 -3434.68
47 1 8 0 56 2 12 1 0 6 5 -6432.43 -3434.68
46 1 8 0 56 2 12 1 0 6 5 -6449.99 -3434.68
45 1 8 0 56 2 12 1 0 6 5 -6405.75 -3434.68
44 1 8 0 56 2 12 1 0 6 5 -6428.91 -3434.68
43 1 8 0 56 2 12 1 0 6 5 -6456.10 -3434.68
42 1 8 0 56 2 12 1 0 6 5 -6534.02 -3434.68
41 1 8 0 56 2 12 1 0 6 5 -6718.27 -3434.68
40 1 8 0 56 2 12 1 0 6 5 -6404.80 -3434.68
39 1 8 0 56 2 12 1 0 6 5 -6374.43 -3434.68
38 1 8 0 56 2 12 1 0 6 5 -6385.76 -3434.68
37 1 8 0 56 2 12 1 0 6 5 -6406.29 -3434.68
36 1 8 0 56 2 12 1 0 6 5 -6432.70 -3434.68
35 1 8 0 56 2 12 1 0 6 5 -6466.07 -3434.68
34 1 8 0 56 2 12 1 0 6 5 -6577.61 -3434.68
33 1 8 0 56 2 12 1 0 6 5 -6795.54 -3434.68
32 1 8 0 56 2 12 1 0 6 5 -6345.54 -3434.68
31 1 8 0 56 2 12 1 0 6 5 -6262.87 -3434.68
30 1 8 0 56 2 12 1 0 6 5 -6347.36 -3434.68
29 1 8 0 56 2 12 1 0 6 5 -6343.00 -3434.68
28 1 8 0 56 2 12 1 0 6 5 -6387.44 -3434.68
27 1 8 0 56 2 12 1 0 6 5 -6416.41 -3434.68
26 1 8 0 56 2 12 1 0 6 5 -6555.46 -3434.68
25 1 8 0 56 2 12 1 0 6 5 -6802.81 -3434.68
24 1 8 0 56 2 12 1 0 6 5 -6315.05 -3434.68
23 1 8 0 56 2 12 1 0 6 5 -6274.32 -3434.68
22 1 8 0 56 2 12 1 0 6 5 -6236.87 -3434.68
21 1 8 0 56 2 12 1 0 6 5 -6263.51 -3434.68
20 1 8 0 56 2 12 1 0 6 5 -6265.39 -3434.68
19 1 8 0 56 2 12 1 0 6 5 -6255.13 -3434.68
18 1 8 0 56 2 12 1 0 6 5 -6466.93 -3434.68
17 1 8 0 56 2 12 1 0 6 5 -6724.52 -3434.68
16 1 8 0 56 2 12 1 0 6 5 -6703.96 -3434.68
15 1 8 0 56 2 12 1 0 6 5 -6549.25 -3434.68
14 1 8 0 56 2 12 1 0 6 5 -6460.29 -3434.68
13 1 8 0 56 2 12 1 0 6 5 -6349.44 -3434.68
12 1 8 0 56 2 12 1 0 6 5 -6321.87 -3434.68
11 1 8 0 56 2 12 1 0 6 5 -6116.33 -3434.68
10 1 8 0 56 2 12 1 0 6 5 -6088.24 -3434.68
9 1 8 0 56 2 12 1 0 6 5 -5367.73 -3434.68
8 1 8 0 56 2 12 1 0 6 5 -4980.77 -3434.68
7 1 8 0 56 2 12 1 0 6 5 -4910.08 -3434.68
6 1 8 0 56 2 12 1 0 6 5 -4955.99 -3434.68
5 1 8 0 56 2 12 1 0 6 5 -4639.61 -3434.68
4 1 8 0 56 2 12 1 0 6 5 -4388.66 -3434.68
3 1 8 0 56 2 12 1 0 6 5 -3683.03 -3434.68
2 1 8 0 56 2 12 1 0 6 5 -3607.39 -3434.68
0 1 8 0 56 2 12 1 0 6 5 -2344.82 -3434.68
