KB MULADD LAT PREF NB MU NU KU FFTCH IFTCH NFTCH GEN-MFLOP SPC-MFLOP
80 0 4 1 80 12 1 80 1 9 3 -4555.62 -4125.60
79 0 4 1 80 12 1 79 1 9 3 -4554.70 -4107.65
78 0 4 1 80 12 1 78 1 9 3 -4513.06 -4090.84
77 0 4 1 80 12 1 77 1 9 3 -4571.95 -4081.45
76 0 4 1 80 12 1 76 1 9 3 -4559.24 -4077.37
75 0 4 1 80 12 1 75 1 9 3 -4553.31 -4059.57
74 0 4 1 80 12 1 74 1 9 3 -4525.93 -4004.53
73 0 4 1 80 12 1 73 1 9 3 -4554.27 -4084.39
72 0 4 1 80 12 1 72 1 9 3 -4584.96 -4113.01
71 0 4 1 80 12 1 71 1 9 3 -4583.48 -4096.49
70 0 4 1 80 12 1 70 1 9 3 -4476.37 -4087.43
69 0 4 1 80 12 1 69 1 9 3 -4536.03 -4093.58
68 0 4 1 80 12 1 68 1 9 3 -4586.02 -4095.38
67 0 4 1 80 12 1 67 1 9 3 -4583.40 -4083.06
66 0 4 1 80 12 1 66 1 9 3 -4554.63 -4056.57
65 0 4 1 80 12 1 65 1 9 3 -4554.94 -4031.08
64 0 4 1 80 12 1 64 1 9 3 -4418.52 -3876.26
63 0 4 1 80 12 1 63 1 9 3 -4608.95 -4049.32
62 0 4 1 80 12 1 62 1 9 3 -4601.84 -4033.52
61 0 4 1 80 12 1 61 1 9 3 -4612.06 -4085.90
60 0 4 1 80 12 1 60 1 9 3 -4580.29 -4102.91
59 0 4 1 80 12 1 59 1 9 3 -4611.69 -4090.30
58 0 4 1 80 12 1 58 1 9 3 -4550.21 -4083.18
57 0 4 1 80 12 1 57 1 9 3 -4615.08 -4076.34
56 0 4 1 80 12 1 56 1 9 3 -4574.27 -4079.77
55 0 4 1 80 12 1 55 1 9 3 -4655.95 -4094.83
54 0 4 1 80 12 1 54 1 9 3 -4576.16 -4079.80
53 0 4 1 80 12 1 53 1 9 3 -4616.52 -4014.60
52 0 4 1 80 12 1 52 1 9 3 -4641.98 -4046.33
51 0 4 1 80 12 1 51 1 9 3 -4630.31 -4022.18
50 0 4 1 80 12 1 50 1 9 3 -4565.00 -3998.10
49 0 4 1 80 12 1 49 1 9 3 -4643.14 -4064.30
48 0 4 1 80 12 1 48 1 9 3 -4611.27 -4084.68
47 0 4 1 80 12 1 47 1 9 3 -4633.54 -4079.75
46 0 4 1 80 12 1 46 1 9 3 -4624.43 -4050.28
45 0 4 1 80 12 1 45 1 9 3 -4632.57 -4048.68
44 0 4 1 80 12 1 44 1 9 3 -4633.97 -4092.11
43 0 4 1 80 12 1 43 1 9 3 -4628.62 -4087.83
42 0 4 1 80 12 1 42 1 9 3 -4609.02 -4060.84
41 0 4 1 80 12 1 41 1 9 3 -4587.98 -4030.69
40 0 4 1 80 12 1 40 1 9 3 -4593.22 -4021.48
39 0 4 1 80 12 1 39 1 9 3 -4578.09 -3994.48
38 0 4 1 80 12 1 38 1 9 3 -4558.85 -3952.43
37 0 4 1 80 12 1 37 1 9 3 -4516.88 -4020.38
36 0 4 1 80 12 1 36 1 9 3 -4543.62 -4040.40
35 0 4 1 80 12 1 35 1 9 3 -4544.05 -4049.80
34 0 4 1 80 12 1 34 1 9 3 -4531.24 -4020.68
33 0 4 1 80 12 1 33 1 9 3 -4547.11 -4009.53
32 0 4 1 80 12 1 32 1 9 3 -4407.93 -3874.24
31 0 4 1 80 12 1 31 1 9 3 -4532.17 -4037.28
30 0 4 1 80 12 1 30 1 9 3 -4574.21 -4023.61
29 0 4 1 80 12 1 29 1 9 3 -4528.22 -3981.47
28 0 4 1 80 12 1 28 1 9 3 -4621.73 -3900.38
27 0 4 1 80 12 1 27 1 9 3 -4516.43 -3910.83
26 0 4 1 80 12 1 26 1 9 3 -4528.94 -3901.36
25 0 4 1 80 12 1 25 1 9 3 -4596.77 -4116.93
24 0 4 1 80 12 1 24 1 9 3 -4606.09 -4144.85
23 0 4 1 80 12 1 23 1 9 3 -4668.35 -4111.84
22 0 4 1 80 12 1 22 1 9 3 -4653.43 -4078.99
21 0 4 1 80 12 1 21 1 9 3 -4584.36 -3960.03
20 0 4 1 80 12 1 20 1 9 3 -4595.50 -4009.44
19 0 4 1 80 12 1 19 1 9 3 -4596.03 -3972.41
18 0 4 1 80 12 1 18 1 9 3 -4588.18 -3803.06
17 0 4 1 80 12 1 17 1 9 3 -4669.34 -3739.70
16 0 4 1 80 12 1 16 1 9 3 -4661.79 -3800.98
15 0 4 1 80 12 1 15 1 9 3 -4611.62 -3655.21
14 0 4 1 80 12 1 14 1 9 3 -4605.50 -3726.02
13 0 4 1 80 12 1 13 1 9 3 -4563.23 -3847.14
12 0 4 1 80 12 1 12 1 9 3 -4589.76 -3737.58
11 0 4 1 80 12 1 11 1 9 3 -4463.01 -3709.87
10 0 4 1 80 12 1 10 1 9 3 -4497.52 -3665.62
9 0 4 1 80 12 1 9 1 9 3 -4431.07 -3592.18
8 0 4 1 80 12 1 8 1 9 3 -4429.55 -3406.61
7 0 4 1 80 12 1 7 1 9 3 -4241.41 -3297.79
6 0 4 1 80 12 1 6 1 9 3 -4213.65 -3099.92
5 0 4 1 80 12 1 5 1 9 3 -4028.05 -2809.70
4 0 4 1 80 12 1 4 1 9 3 -3838.61 -2648.97
3 0 4 1 80 12 1 3 1 9 3 -3402.53 -2648.97
2 0 4 1 80 12 1 2 1 9 3 -2753.82 -2648.97
0 0 4 1 80 12 1 1 1 9 3 -2122.09 -2648.97
