KB MULADD LAT PREF NB MU NU KU FFTCH IFTCH NFTCH GEN-MFLOP SPC-MFLOP
40 0 1 1 40 12 1 40 1 2 1 -4349.11 -3839.54
39 0 1 1 40 12 1 39 1 2 1 -4015.94 -3690.98
38 0 1 1 40 12 1 38 1 2 1 -4410.56 -3856.90
37 0 1 1 40 12 1 37 1 2 1 -4361.91 -3932.67
36 0 1 1 40 12 1 36 1 2 1 -4389.24 -3938.12
35 0 1 1 40 12 1 35 1 2 1 -4407.78 -3990.85
34 0 1 1 40 12 1 34 1 2 1 -4308.92 -3968.47
33 0 1 1 40 12 1 33 1 2 1 -4371.51 -3876.00
32 0 1 1 40 12 1 32 1 2 1 -4214.21 -3801.12
31 0 1 1 40 12 1 31 1 2 1 -4441.14 -3919.69
30 0 1 1 40 12 1 30 1 2 1 -4394.00 -3891.60
29 0 1 1 40 12 1 29 1 2 1 -4391.92 -3954.77
28 0 1 1 40 12 1 28 1 2 1 -4440.77 -3931.36
27 0 1 1 40 12 1 27 1 2 1 -4452.69 -3878.37
26 0 1 1 40 12 1 26 1 2 1 -4466.26 -3927.85
25 0 1 1 40 12 1 25 1 2 1 -4412.84 -4003.85
24 0 1 1 40 12 1 24 1 2 1 -4428.46 -3901.68
23 0 1 1 40 12 1 23 1 2 1 -4435.56 -3925.61
22 0 1 1 40 12 1 22 1 2 1 -4520.63 -3899.78
21 0 1 1 40 12 1 21 1 2 1 -4430.61 -3855.96
20 0 1 1 40 12 1 20 1 2 1 -4444.83 -3765.55
19 0 1 1 40 12 1 19 1 2 1 -4346.42 -3957.17
18 0 1 1 40 12 1 18 1 2 1 -4349.69 -4039.25
17 0 1 1 40 12 1 17 1 2 1 -4418.29 -3966.87
16 0 1 1 40 12 1 16 1 2 1 -4273.46 -3922.26
15 0 1 1 40 12 1 15 1 2 1 -4454.25 -3932.48
14 0 1 1 40 12 1 14 1 2 1 -4426.39 -3840.28
13 0 1 1 40 12 1 13 1 2 1 -4409.66 -3901.60
12 0 1 1 40 12 1 12 1 2 1 -4562.84 -3793.59
11 0 1 1 40 12 1 11 1 2 1 -4428.35 -3603.56
10 0 1 1 40 12 1 10 1 2 1 -4590.51 -3629.28
9 0 1 1 40 12 1 9 1 2 1 -4332.14 -3450.84
8 0 1 1 40 12 1 8 1 2 1 -4540.77 -3358.87
7 0 1 1 40 12 1 7 1 2 1 -4424.42 -3348.31
6 0 1 1 40 12 1 6 1 2 1 -4528.48 -3072.75
5 0 1 1 40 12 1 5 1 2 1 -4314.81 -2792.01
4 0 1 1 40 12 1 4 1 2 1 -4359.57 -2612.19
3 0 1 1 40 12 1 3 1 2 1 -4000.57 -2378.95
2 0 1 1 40 12 1 2 1 2 1 -3535.19 -2378.95
0 0 1 1 40 12 1 1 1 2 1 -2343.19 -2378.95
