KB MULADD LAT PREF NB MU NU KU FFTCH IFTCH NFTCH GEN-MFLOP SPC-MFLOP
72 1 4 1 72 12 1 72 0 4 2 -5569.80 -5199.98
71 1 4 1 72 12 1 71 0 4 2 -5363.58 -5130.23
70 1 4 1 72 12 1 70 0 4 2 -5503.19 -5069.42
69 1 4 1 72 12 1 69 0 4 2 -5437.92 -5136.34
68 1 4 1 72 12 1 68 0 4 2 -5529.15 -5164.52
67 1 4 1 72 12 1 67 0 4 2 -5515.13 -5153.43
66 1 4 1 72 12 1 66 0 4 2 -5422.77 -5122.51
65 1 4 1 72 12 1 65 0 4 2 -5339.54 -5048.86
64 1 4 1 72 12 1 64 0 4 2 -5092.24 -4910.28
63 1 4 1 72 12 1 63 0 4 2 -5437.98 -5223.70
62 1 4 1 72 12 1 62 0 4 2 -5525.85 -5069.30
61 1 4 1 72 12 1 61 0 4 2 -5517.62 -5170.76
60 1 4 1 72 12 1 60 0 4 2 -5400.51 -5048.86
59 1 4 1 72 12 1 59 0 4 2 -5540.35 -5169.39
58 1 4 1 72 12 1 58 0 4 2 -5427.79 -5141.59
57 1 4 1 72 12 1 57 0 4 2 -5511.23 -5047.08
56 1 4 1 72 12 1 56 0 4 2 -5405.18 -5118.34
55 1 4 1 72 12 1 55 0 4 2 -5511.48 -5119.72
54 1 4 1 72 12 1 54 0 4 2 -5349.77 -4963.01
53 1 4 1 72 12 1 53 0 4 2 -5429.40 -5210.65
52 1 4 1 72 12 1 52 0 4 2 -5401.47 -4988.60
51 1 4 1 72 12 1 51 0 4 2 -5515.69 -5160.31
50 1 4 1 72 12 1 50 0 4 2 -5488.92 -5115.52
49 1 4 1 72 12 1 49 0 4 2 -5518.77 -5164.14
48 1 4 1 72 12 1 48 0 4 2 -5420.38 -5064.19
47 1 4 1 72 12 1 47 0 4 2 -5387.10 -5057.98
46 1 4 1 72 12 1 46 0 4 2 -5362.28 -5149.92
45 1 4 1 72 12 1 45 0 4 2 -5450.30 -5084.22
44 1 4 1 72 12 1 44 0 4 2 -5471.19 -5121.52
43 1 4 1 72 12 1 43 0 4 2 -5496.82 -5158.86
42 1 4 1 72 12 1 42 0 4 2 -5513.24 -5007.49
41 1 4 1 72 12 1 41 0 4 2 -5430.30 -5008.88
40 1 4 1 72 12 1 40 0 4 2 -5484.55 -5160.71
39 1 4 1 72 12 1 39 0 4 2 -5431.65 -5140.04
38 1 4 1 72 12 1 38 0 4 2 -5494.00 -5028.42
37 1 4 1 72 12 1 37 0 4 2 -5483.31 -4978.62
36 1 4 1 72 12 1 36 0 4 2 -5452.23 -5091.19
35 1 4 1 72 12 1 35 0 4 2 -5400.97 -5022.53
34 1 4 1 72 12 1 34 0 4 2 -5468.29 -5097.75
33 1 4 1 72 12 1 33 0 4 2 -5425.77 -5098.29
32 1 4 1 72 12 1 32 0 4 2 -5023.36 -4910.28
31 1 4 1 72 12 1 31 0 4 2 -5346.96 -4913.64
30 1 4 1 72 12 1 30 0 4 2 -5467.15 -4921.79
29 1 4 1 72 12 1 29 0 4 2 -5479.90 -5049.09
28 1 4 1 72 12 1 28 0 4 2 -5467.23 -5004.15
27 1 4 1 72 12 1 27 0 4 2 -5436.31 -4910.28
26 1 4 1 72 12 1 26 0 4 2 -5470.87 -5001.56
25 1 4 1 72 12 1 25 0 4 2 -5381.92 -5029.97
24 1 4 1 72 12 1 24 0 4 2 -5470.00 -5062.23
23 1 4 1 72 12 1 23 0 4 2 -5479.31 -5033.55
22 1 4 1 72 12 1 22 0 4 2 -5381.67 -5006.00
21 1 4 1 72 12 1 21 0 4 2 -5443.86 -4910.28
20 1 4 1 72 12 1 20 0 4 2 -5297.21 -4922.21
19 1 4 1 72 12 1 19 0 4 2 -5438.21 -4920.48
18 1 4 1 72 12 1 18 0 4 2 -5410.70 -4910.28
17 1 4 1 72 12 1 17 0 4 2 -5218.62 -4910.28
16 1 4 1 72 12 1 16 0 4 2 -5395.48 -4910.28
15 1 4 1 72 12 1 15 0 4 2 -5311.40 -4910.28
14 1 4 1 72 12 1 14 0 4 2 -5390.23 -4910.28
13 1 4 1 72 12 1 13 0 4 2 -5412.40 -4910.28
12 1 4 1 72 12 1 12 0 4 2 -5366.97 -4910.28
11 1 4 1 72 12 1 11 0 4 2 -5366.72 -4910.28
10 1 4 1 72 12 1 10 0 4 2 -5345.39 -4910.28
9 1 4 1 72 12 1 9 0 4 2 -5146.21 -4910.28
8 1 4 1 72 12 1 8 0 4 2 -5261.93 -4910.28
7 1 4 1 72 12 1 7 0 4 2 -5240.99 -4910.28
6 1 4 1 72 12 1 6 0 4 2 -5124.73 -4910.28
0 1 4 1 72 12 1 1 0 4 2 -4950.26 -4910.28
