KB MULADD LAT PREF NB MU NU KU FFTCH IFTCH NFTCH GEN-MFLOP SPC-MFLOP
56 1 1 1 56 8 1 56 1 7 2 -5213.48 -4982.44
55 1 1 1 56 8 1 55 1 7 2 -5227.17 -5026.71
54 1 1 1 56 8 1 54 1 7 2 -5241.81 -4945.51
53 1 1 1 56 8 1 53 1 7 2 -5230.17 -4985.31
52 1 1 1 56 8 1 52 1 7 2 -5219.62 -5003.72
51 1 1 1 56 8 1 51 1 7 2 -5165.97 -4941.87
50 1 1 1 56 8 1 50 1 7 2 -5164.62 -4999.69
49 1 1 1 56 8 1 49 1 7 2 -5170.74 -4961.31
48 1 1 1 56 8 1 48 1 7 2 -4937.36 -4828.03
47 1 1 1 56 8 1 47 1 7 2 -5211.69 -4981.53
46 1 1 1 56 8 1 46 1 7 2 -5199.24 -4896.14
45 1 1 1 56 8 1 45 1 7 2 -5203.62 -4922.99
44 1 1 1 56 8 1 44 1 7 2 -5170.39 -4842.55
43 1 1 1 56 8 1 43 1 7 2 -5166.93 -4912.14
42 1 1 1 56 8 1 42 1 7 2 -5173.15 -4886.28
41 1 1 1 56 8 1 41 1 7 2 -5146.73 -4771.62
40 1 1 1 56 8 1 40 1 7 2 -5153.97 -4908.32
39 1 1 1 56 8 1 39 1 7 2 -5147.89 -4843.72
38 1 1 1 56 8 1 38 1 7 2 -5142.59 -4898.41
37 1 1 1 56 8 1 37 1 7 2 -5127.57 -4872.45
36 1 1 1 56 8 1 36 1 7 2 -5119.92 -4885.36
35 1 1 1 56 8 1 35 1 7 2 -5095.21 -4841.78
34 1 1 1 56 8 1 34 1 7 2 -5076.46 -4830.33
33 1 1 1 56 8 1 33 1 7 2 -5101.33 -4825.18
32 1 1 1 56 8 1 32 1 7 2 -4791.71 -4630.61
31 1 1 1 56 8 1 31 1 7 2 -5110.18 -4834.33
30 1 1 1 56 8 1 30 1 7 2 -5036.95 -4664.01
29 1 1 1 56 8 1 29 1 7 2 -5024.82 -4694.47
28 1 1 1 56 8 1 28 1 7 2 -5021.29 -4738.09
27 1 1 1 56 8 1 27 1 7 2 -5022.65 -4574.76
26 1 1 1 56 8 1 26 1 7 2 -4984.06 -4701.02
25 1 1 1 56 8 1 25 1 7 2 -4987.30 -4603.98
24 1 1 1 56 8 1 24 1 7 2 -4940.75 -4666.65
23 1 1 1 56 8 1 23 1 7 2 -4969.19 -4669.94
22 1 1 1 56 8 1 22 1 7 2 -4993.01 -4528.77
21 1 1 1 56 8 1 21 1 7 2 -5051.74 -4614.92
20 1 1 1 56 8 1 20 1 7 2 -4955.49 -4481.35
19 1 1 1 56 8 1 19 1 7 2 -4939.42 -4611.26
18 1 1 1 56 8 1 18 1 7 2 -4819.00 -4586.99
17 1 1 1 56 8 1 17 1 7 2 -4807.40 -4524.98
16 1 1 1 56 8 1 16 1 7 2 -4552.70 -4481.35
15 1 1 1 56 8 1 15 1 7 2 -4850.88 -4481.35
14 1 1 1 56 8 1 14 1 7 2 -4786.75 -4490.06
13 1 1 1 56 8 1 13 1 7 2 -4733.85 -4481.35
12 1 1 1 56 8 1 12 1 7 2 -4741.31 -4481.35
11 1 1 1 56 8 1 11 1 7 2 -4575.13 -4481.35
0 1 1 1 56 8 1 1 1 7 2 -4370.89 -4481.35
