 KB  MULADD  LAT  NB  MU  NU  KU  FFTCH  IFTCH  NFTCH  GEN-MFLOP  SPC-MFLOP
 60       1    5  60   4   3  60      0      5      1    -147.08    -136.35
 59       1    5  60   4   3  59      0      5      1    -147.50    -137.46
 58       1    5  60   4   3  58      0      5      1    -148.78    -137.82
 57       1    5  60   4   3  57      0      5      1    -149.86    -138.75
 56       1    5  60   4   3  56      0      5      1    -146.65    -136.01
 55       1    5  60   4   3  55      0      5      1    -149.18    -139.66
 54       1    5  60   4   3  54      0      5      1    -147.45    -136.69
 53       1    5  60   4   3  53      0      5      1    -148.96    -137.99
 52       1    5  60   4   3  52      0      5      1    -146.21    -134.21
 51       1    5  60   4   3  51      0      5      1    -148.12    -138.00
 50       1    5  60   4   3  50      0      5      1    -146.62    -136.69
 49       1    5  60   4   3  49      0      5      1    -148.30    -138.88
 48       1    5  60   4   3  48      0      5      1    -144.93    -135.22
 47       1    5  60   4   3  47      0      5      1    -147.98    -139.33
 46       1    5  60   4   3  46      0      5      1    -146.55    -136.62
 45       1    5  60   4   3  45      0      5      1    -148.27    -138.13
 44       1    5  60   4   3  44      0      5      1    -145.73    -134.52
 43       1    5  60   4   3  43      0      5      1    -147.98    -137.86
 42       1    5  60   4   3  42      0      5      1    -147.30    -135.15
 41       1    5  60   4   3  41      0      5      1    -147.28    -136.53
 40       1    5  60   4   3  40      0      5      1    -144.33    -133.33
 39       1    5  60   4   3  39      0      5      1    -145.55    -135.75
 38       1    5  60   4   3  38      0      5      1    -145.92    -132.65
 37       1    5  60   4   3  37      0      5      1    -145.63    -135.13
 36       1    5  60   4   3  36      0      5      1    -144.79    -132.35
 35       1    5  60   4   3  35      0      5      1    -145.74    -134.53
 34       1    5  60   4   3  34      0      5      1    -145.66    -132.41
 33       1    5  60   4   3  33      0      5      1    -144.93    -134.52
 32       1    5  60   4   3  32      0      5      1    -143.53    -130.67
 31       1    5  60   4   3  31      0      5      1    -145.82    -133.25
 30       1    5  60   4   3  30      0      5      1    -145.80    -131.89
 29       1    5  60   4   3  29      0      5      1    -144.22    -131.90
 28       1    5  60   4   3  28      0      5      1    -142.66    -129.61
 27       1    5  60   4   3  27      0      5      1    -146.62    -131.23
 26       1    5  60   4   3  26      0      5      1    -144.91    -129.84
 25       1    5  60   4   3  25      0      5      1    -144.21    -131.23
 24       1    5  60   4   3  24      0      5      1    -143.34    -129.86
 23       1    5  60   4   3  23      0      5      1    -146.55    -130.50
 22       1    5  60   4   3  22      0      5      1    -147.37    -129.61
 21       1    5  60   4   3  21      0      5      1    -142.74    -129.61
 20       1    5  60   4   3  20      0      5      1    -141.98    -129.61
 19       1    5  60   4   3  19      0      5      1    -144.33    -129.61
 18       1    5  60   4   3  18      0      5      1    -143.41    -129.61
 17       1    5  60   4   3  17      0      5      1    -142.70    -129.61
 16       1    5  60   4   3  16      0      5      1    -141.21    -129.61
 15       1    5  60   4   3  15      0      5      1    -137.58    -129.61
 14       1    5  60   4   3  14      0      5      1    -137.43    -129.61
 13       1    5  60   4   3  13      0      5      1    -138.19    -129.61
 12       1    5  60   4   3  12      0      5      1    -136.75    -129.61
 11       1    5  60   4   3  11      0      5      1    -137.47    -129.61
 10       1    5  60   4   3  10      0      5      1    -134.02    -129.61
  9       1    5  60   4   3   9      0      5      1    -133.32    -129.61
  0       1    5  60   4   3   1      0      5      1    -128.13    -129.61
