KB MULADD LAT PREF NB MU NU KU FFTCH IFTCH NFTCH GEN-MFLOP SPC-MFLOP
80 1 7 0 80 4 3 1 0 2 2 -4212.43 -4035.37
79 1 7 0 80 4 3 1 0 2 2 -4366.23 -4035.37
78 1 7 0 80 4 3 1 0 2 2 -4175.44 -4035.37
77 1 7 0 80 4 3 1 0 2 2 -4325.18 -4035.37
76 1 7 0 80 4 3 1 0 2 2 -4210.21 -4035.37
75 1 7 0 80 4 3 1 0 2 2 -4104.51 -4035.37
74 1 7 0 80 4 3 1 0 2 2 -4175.67 -4035.37
73 1 7 0 80 4 3 1 0 2 2 -4325.88 -4035.37
72 1 7 0 80 4 3 1 0 2 2 -4211.77 -4035.37
71 1 7 0 80 4 3 1 0 2 2 -4363.49 -4035.37
70 1 7 0 80 4 3 1 0 2 2 -4174.53 -4035.37
0 1 7 0 80 4 3 1 0 2 2 -4037.31 -4035.37
