KB MULADD LAT PREF NB MU NU KU FFTCH IFTCH NFTCH GEN-MFLOP SPC-MFLOP
72 1 4 0 72 3 3 72 1 4 1 -2253.43 -2113.07
71 1 4 0 72 3 3 71 1 4 1 -2240.55 -2095.76
70 1 4 0 72 3 3 70 1 4 1 -2241.43 -2137.69
69 1 4 0 72 3 3 69 1 4 1 -2266.53 -2100.78
68 1 4 0 72 3 3 68 1 4 1 -2239.89 -2112.12
67 1 4 0 72 3 3 67 1 4 1 -2250.91 -2106.79
66 1 4 0 72 3 3 66 1 4 1 -2253.46 -2121.06
65 1 4 0 72 3 3 65 1 4 1 -2250.65 -2092.88
64 1 4 0 72 3 3 64 1 4 1 -2264.13 -2119.94
63 1 4 0 72 3 3 63 1 4 1 -2284.36 -2093.99
62 1 4 0 72 3 3 62 1 4 1 -2253.20 -2091.91
61 1 4 0 72 3 3 61 1 4 1 -2240.22 -2103.61
60 1 4 0 72 3 3 60 1 4 1 -2251.76 -2116.54
59 1 4 0 72 3 3 59 1 4 1 -2270.58 -2076.00
58 1 4 0 72 3 3 58 1 4 1 -2250.90 -2100.98
57 1 4 0 72 3 3 57 1 4 1 -2251.44 -2120.79
56 1 4 0 72 3 3 56 1 4 1 -2251.73 -2103.12
55 1 4 0 72 3 3 55 1 4 1 -2270.28 -2083.13
54 1 4 0 72 3 3 54 1 4 1 -2238.01 -2074.70
53 1 4 0 72 3 3 53 1 4 1 -2237.05 -2085.14
52 1 4 0 72 3 3 52 1 4 1 -2282.68 -2059.33
51 1 4 0 72 3 3 51 1 4 1 -2250.04 -2072.96
50 1 4 0 72 3 3 50 1 4 1 -2222.68 -2054.77
49 1 4 0 72 3 3 49 1 4 1 -2248.55 -2101.32
48 1 4 0 72 3 3 48 1 4 1 -2252.06 -2066.09
47 1 4 0 72 3 3 47 1 4 1 -2264.52 -2047.39
46 1 4 0 72 3 3 46 1 4 1 -2283.03 -2063.76
45 1 4 0 72 3 3 45 1 4 1 -2265.47 -2054.77
44 1 4 0 72 3 3 44 1 4 1 -2248.87 -2076.98
43 1 4 0 72 3 3 43 1 4 1 -2264.12 -2030.23
42 1 4 0 72 3 3 42 1 4 1 -2217.77 -2060.13
41 1 4 0 72 3 3 41 1 4 1 -2224.48 -2041.04
40 1 4 0 72 3 3 40 1 4 1 -2262.71 -2031.43
39 1 4 0 72 3 3 39 1 4 1 -2250.23 -2050.64
38 1 4 0 72 3 3 38 1 4 1 -2248.84 -2012.67
37 1 4 0 72 3 3 37 1 4 1 -2247.23 -2021.09
36 1 4 0 72 3 3 36 1 4 1 -2263.72 -2034.70
35 1 4 0 72 3 3 35 1 4 1 -2246.27 -1990.70
34 1 4 0 72 3 3 34 1 4 1 -2232.91 -2039.85
33 1 4 0 72 3 3 33 1 4 1 -2230.30 -2019.73
32 1 4 0 72 3 3 32 1 4 1 -2243.57 -2003.21
31 1 4 0 72 3 3 31 1 4 1 -2260.89 -1969.12
30 1 4 0 72 3 3 30 1 4 1 -2260.17 -2008.41
29 1 4 0 72 3 3 29 1 4 1 -2238.79 -1999.27
28 1 4 0 72 3 3 28 1 4 1 -2222.44 -1988.42
27 1 4 0 72 3 3 27 1 4 1 -2201.93 -1973.89
26 1 4 0 72 3 3 26 1 4 1 -2204.18 -1954.93
25 1 4 0 72 3 3 25 1 4 1 -2177.45 -1949.20
24 1 4 0 72 3 3 24 1 4 1 -2195.12 -1949.76
23 1 4 0 72 3 3 23 1 4 1 -2177.91 -1928.31
22 1 4 0 72 3 3 22 1 4 1 -2162.76 -1908.35
21 1 4 0 72 3 3 21 1 4 1 -2204.37 -1931.77
20 1 4 0 72 3 3 20 1 4 1 -2152.89 -1934.95
19 1 4 0 72 3 3 19 1 4 1 -2149.03 -1885.50
18 1 4 0 72 3 3 18 1 4 1 -2155.35 -1884.10
17 1 4 0 72 3 3 17 1 4 1 -2163.05 -1884.10
16 1 4 0 72 3 3 16 1 4 1 -2152.90 -1884.10
15 1 4 0 72 3 3 15 1 4 1 -2115.68 -1884.10
14 1 4 0 72 3 3 14 1 4 1 -2114.20 -1884.10
13 1 4 0 72 3 3 13 1 4 1 -2088.08 -1884.10
12 1 4 0 72 3 3 12 1 4 1 -2076.14 -1884.10
11 1 4 0 72 3 3 11 1 4 1 -2034.36 -1884.10
10 1 4 0 72 3 3 10 1 4 1 -2011.64 -1884.10
9 1 4 0 72 3 3 9 1 4 1 -1975.41 -1884.10
8 1 4 0 72 3 3 8 1 4 1 -1967.58 -1884.10
7 1 4 0 72 3 3 7 1 4 1 -1917.87 -1884.10
0 1 4 0 72 3 3 1 1 4 1 -1861.89 -1884.10
