KB MULADD LAT PREF NB MU NU KU FFTCH IFTCH NFTCH GEN-MFLOP SPC-MFLOP
48 0 1 0 48 2 2 24 0 3 1 -4604.62 -3872.31
47 0 1 0 48 2 2 24 0 3 1 -4589.24 -3872.31
46 0 1 0 48 2 2 24 0 3 1 -4596.23 -3872.31
45 0 1 0 48 2 2 24 0 3 1 -4595.51 -3872.31
44 0 1 0 48 2 2 24 0 3 1 -4566.79 -3872.31
43 0 1 0 48 2 2 24 0 3 1 -4587.88 -3872.31
42 0 1 0 48 2 2 24 0 3 1 -4588.51 -3872.31
41 0 1 0 48 2 2 24 0 3 1 -4583.95 -3872.31
40 0 1 0 48 2 2 24 0 3 1 -4560.31 -3872.31
39 0 1 0 48 2 2 24 0 3 1 -4574.67 -3872.31
38 0 1 0 48 2 2 24 0 3 1 -4563.86 -3872.31
37 0 1 0 48 2 2 24 0 3 1 -4569.55 -3872.31
36 0 1 0 48 2 2 24 0 3 1 -4561.54 -3872.31
35 0 1 0 48 2 2 24 0 3 1 -4567.49 -3872.31
34 0 1 0 48 2 2 24 0 3 1 -4560.81 -3872.31
33 0 1 0 48 2 2 24 0 3 1 -4610.33 -3872.31
32 0 1 0 48 2 2 24 0 3 1 -4595.67 -3872.31
31 0 1 0 48 2 2 24 0 3 1 -4610.22 -3872.31
30 0 1 0 48 2 2 24 0 3 1 -4566.79 -3872.31
29 0 1 0 48 2 2 24 0 3 1 -4553.95 -3872.31
28 0 1 0 48 2 2 24 0 3 1 -4553.79 -3872.31
27 0 1 0 48 2 2 24 0 3 1 -4563.14 -3872.31
26 0 1 0 48 2 2 24 0 3 1 -4550.72 -3872.31
25 0 1 0 48 2 2 24 0 3 1 -4572.83 -3872.31
24 0 1 0 48 2 2 24 0 3 1 -4568.24 -3872.31
23 0 1 0 48 2 2 23 0 3 1 -4557.00 -3872.31
22 0 1 0 48 2 2 22 0 3 1 -4532.11 -3872.31
21 0 1 0 48 2 2 21 0 3 1 -4540.86 -3872.31
20 0 1 0 48 2 2 20 0 3 1 -4519.40 -3872.31
19 0 1 0 48 2 2 19 0 3 1 -4525.87 -3872.31
18 0 1 0 48 2 2 18 0 3 1 -4606.85 -3872.31
17 0 1 0 48 2 2 17 0 3 1 -4539.15 -4002.36
16 0 1 0 48 2 2 16 0 3 1 -4580.90 -3982.30
15 0 1 0 48 2 2 15 0 3 1 -4483.41 -3941.89
14 0 1 0 48 2 2 14 0 3 1 -4567.28 -3872.31
13 0 1 0 48 2 2 13 0 3 1 -4456.87 -3872.31
12 0 1 0 48 2 2 12 0 3 1 -4419.82 -3872.31
11 0 1 0 48 2 2 11 0 3 1 -4335.79 -3872.31
10 0 1 0 48 2 2 10 0 3 1 -4272.41 -3872.31
9 0 1 0 48 2 2 9 0 3 1 -4300.39 -3872.31
8 0 1 0 48 2 2 8 0 3 1 -4139.76 -3872.31
7 0 1 0 48 2 2 7 0 3 1 -4091.22 -3872.31
0 0 1 0 48 2 2 1 0 3 1 -3889.62 -3872.31
