KB MULADD LAT PREF NB MU NU KU FFTCH IFTCH NFTCH GEN-MFLOP SPC-MFLOP
52 1 5 1 52 3 3 52 0 3 2 -2126.52 -2063.00
51 1 5 1 52 3 3 51 0 3 2 -2135.22 -2052.84
50 1 5 1 52 3 3 50 0 3 2 -2135.31 -2048.82
49 1 5 1 52 3 3 49 0 3 2 -2124.97 -2035.41
48 1 5 1 52 3 3 48 0 3 2 -2168.75 -2046.80
47 1 5 1 52 3 3 47 0 3 2 -2110.17 -2030.55
46 1 5 1 52 3 3 46 0 3 2 -2133.81 -2034.77
45 1 5 1 52 3 3 45 0 3 2 -2118.32 -2035.23
44 1 5 1 52 3 3 44 0 3 2 -2108.47 -2042.80
43 1 5 1 52 3 3 43 0 3 2 -2119.92 -2028.56
42 1 5 1 52 3 3 42 0 3 2 -2120.70 -2039.81
41 1 5 1 52 3 3 41 0 3 2 -2146.67 -2036.47
40 1 5 1 52 3 3 40 0 3 2 -2142.82 -2010.53
39 1 5 1 52 3 3 39 0 3 2 -2121.51 -2035.34
38 1 5 1 52 3 3 38 0 3 2 -2131.04 -2019.54
37 1 5 1 52 3 3 37 0 3 2 -2175.08 -2018.18
36 1 5 1 52 3 3 36 0 3 2 -2137.20 -2004.92
35 1 5 1 52 3 3 35 0 3 2 -2100.69 -1975.35
34 1 5 1 52 3 3 34 0 3 2 -2142.88 -1990.12
33 1 5 1 52 3 3 33 0 3 2 -2124.46 -2010.60
32 1 5 1 52 3 3 32 0 3 2 -2110.06 -1983.08
31 1 5 1 52 3 3 31 0 3 2 -2133.76 -1977.98
30 1 5 1 52 3 3 30 0 3 2 -2124.43 -1991.39
29 1 5 1 52 3 3 29 0 3 2 -2082.81 -1997.59
28 1 5 1 52 3 3 28 0 3 2 -2118.86 -1959.29
27 1 5 1 52 3 3 27 0 3 2 -2116.29 -1960.22
26 1 5 1 52 3 3 26 0 3 2 -2118.35 -1963.68
25 1 5 1 52 3 3 25 0 3 2 -2105.55 -1948.53
24 1 5 1 52 3 3 24 0 3 2 -2115.97 -1954.45
23 1 5 1 52 3 3 23 0 3 2 -2090.36 -1928.96
22 1 5 1 52 3 3 22 0 3 2 -2077.34 -1927.03
21 1 5 1 52 3 3 21 0 3 2 -2099.94 -1914.55
20 1 5 1 52 3 3 20 0 3 2 -2104.81 -1884.39
19 1 5 1 52 3 3 19 0 3 2 -2097.82 -1886.69
18 1 5 1 52 3 3 18 0 3 2 -2071.46 -1873.22
17 1 5 1 52 3 3 17 0 3 2 -2059.64 -1873.22
16 1 5 1 52 3 3 16 0 3 2 -2049.04 -1873.22
15 1 5 1 52 3 3 15 0 3 2 -2044.64 -1873.22
14 1 5 1 52 3 3 14 0 3 2 -2031.68 -1873.22
13 1 5 1 52 3 3 13 0 3 2 -2006.36 -1873.22
12 1 5 1 52 3 3 12 0 3 2 -1996.10 -1873.22
11 1 5 1 52 3 3 11 0 3 2 -1976.42 -1873.22
10 1 5 1 52 3 3 10 0 3 2 -1952.15 -1873.22
9 1 5 1 52 3 3 9 0 3 2 -1902.37 -1873.22
0 1 5 1 52 3 3 1 0 3 2 -1859.22 -1873.22
