KB MULADD LAT PREF NB MU NU KU FFTCH IFTCH NFTCH GEN-MFLOP SPC-MFLOP
80 1 5 0 80 4 4 80 0 7 1 -778.68 -756.41
79 1 5 0 80 4 4 79 0 7 1 -781.58 -759.05
78 1 5 0 80 4 4 78 0 7 1 -780.34 -758.17
77 1 5 0 80 4 4 77 0 7 1 -781.08 -758.42
76 1 5 0 80 4 4 76 0 7 1 -780.42 -757.58
75 1 5 0 80 4 4 75 0 7 1 -780.55 -757.26
74 1 5 0 80 4 4 74 0 7 1 -779.73 -757.35
73 1 5 0 80 4 4 73 0 7 1 -780.74 -756.85
72 1 5 0 80 4 4 72 0 7 1 -777.92 -753.22
71 1 5 0 80 4 4 71 0 7 1 -775.94 -755.81
70 1 5 0 80 4 4 70 0 7 1 -777.43 -753.76
69 1 5 0 80 4 4 69 0 7 1 -777.52 -753.22
68 1 5 0 80 4 4 68 0 7 1 -777.01 -753.22
67 1 5 0 80 4 4 67 0 7 1 -777.88 -753.34
66 1 5 0 80 4 4 66 0 7 1 -776.50 -753.22
65 1 5 0 80 4 4 65 0 7 1 -774.91 -753.22
64 1 5 0 80 4 4 64 0 7 1 -772.88 -753.22
63 1 5 0 80 4 4 63 0 7 1 -776.74 -753.22
62 1 5 0 80 4 4 62 0 7 1 -771.17 -753.22
61 1 5 0 80 4 4 61 0 7 1 -775.03 -753.22
60 1 5 0 80 4 4 60 0 7 1 -777.63 -753.22
59 1 5 0 80 4 4 59 0 7 1 -774.65 -753.22
58 1 5 0 80 4 4 58 0 7 1 -776.79 -753.22
57 1 5 0 80 4 4 57 0 7 1 -773.92 -753.22
56 1 5 0 80 4 4 56 0 7 1 -773.50 -753.22
55 1 5 0 80 4 4 55 0 7 1 -771.82 -753.22
54 1 5 0 80 4 4 54 0 7 1 -774.65 -753.22
53 1 5 0 80 4 4 53 0 7 1 -772.15 -753.22
52 1 5 0 80 4 4 52 0 7 1 -774.04 -753.22
51 1 5 0 80 4 4 51 0 7 1 -772.99 -753.22
50 1 5 0 80 4 4 50 0 7 1 -772.49 -753.22
49 1 5 0 80 4 4 49 0 7 1 -769.58 -753.22
48 1 5 0 80 4 4 48 0 7 1 -767.46 -753.22
47 1 5 0 80 4 4 47 0 7 1 -770.50 -753.22
46 1 5 0 80 4 4 46 0 7 1 -769.22 -753.22
45 1 5 0 80 4 4 45 0 7 1 -769.88 -753.22
44 1 5 0 80 4 4 44 0 7 1 -767.77 -753.22
43 1 5 0 80 4 4 43 0 7 1 -771.10 -753.22
42 1 5 0 80 4 4 42 0 7 1 -769.66 -753.22
41 1 5 0 80 4 4 41 0 7 1 -768.83 -753.22
40 1 5 0 80 4 4 40 0 7 1 -766.35 -753.22
39 1 5 0 80 4 4 39 0 7 1 -762.42 -753.22
38 1 5 0 80 4 4 38 0 7 1 -761.48 -753.22
37 1 5 0 80 4 4 37 0 7 1 -761.81 -753.22
36 1 5 0 80 4 4 36 0 7 1 -761.29 -753.22
0 1 5 0 80 4 4 1 0 7 1 -758.98 -753.22
