KB MULADD LAT PREF NB MU NU KU FFTCH IFTCH NFTCH GEN-MFLOP SPC-MFLOP
72 1 4 513 72 4 4 72 1 4 2 -991.01 -866.69
71 1 4 513 72 4 4 71 1 4 2 -929.20 -867.64
70 1 4 513 72 4 4 70 1 4 2 -999.43 -868.44
69 1 4 513 72 4 4 69 1 4 2 -925.13 -863.66
68 1 4 513 72 4 4 68 1 4 2 -992.96 -866.14
67 1 4 513 72 4 4 67 1 4 2 -921.76 -859.63
66 1 4 513 72 4 4 66 1 4 2 -994.74 -859.99
65 1 4 513 72 4 4 65 1 4 2 -919.93 -854.54
64 1 4 513 72 4 4 64 1 4 2 -981.23 -870.99
63 1 4 513 72 4 4 63 1 4 2 -917.17 -859.90
62 1 4 513 72 4 4 62 1 4 2 -984.85 -865.45
61 1 4 513 72 4 4 61 1 4 2 -913.73 -856.08
60 1 4 513 72 4 4 60 1 4 2 -978.71 -858.56
59 1 4 513 72 4 4 59 1 4 2 -909.72 -851.25
58 1 4 513 72 4 4 58 1 4 2 -976.25 -855.55
57 1 4 513 72 4 4 57 1 4 2 -909.89 -848.51
56 1 4 513 72 4 4 56 1 4 2 -966.06 -844.36
55 1 4 513 72 4 4 55 1 4 2 -903.82 -839.88
54 1 4 513 72 4 4 54 1 4 2 -964.14 -841.63
53 1 4 513 72 4 4 53 1 4 2 -897.78 -834.94
52 1 4 513 72 4 4 52 1 4 2 -955.09 -833.36
51 1 4 513 72 4 4 51 1 4 2 -890.34 -830.82
50 1 4 513 72 4 4 50 1 4 2 -952.28 -826.07
49 1 4 513 72 4 4 49 1 4 2 -888.06 -817.70
48 1 4 513 72 4 4 48 1 4 2 -938.02 -839.64
47 1 4 513 72 4 4 47 1 4 2 -880.61 -823.54
46 1 4 513 72 4 4 46 1 4 2 -938.87 -829.14
45 1 4 513 72 4 4 45 1 4 2 -873.24 -815.40
44 1 4 513 72 4 4 44 1 4 2 -928.34 -815.91
43 1 4 513 72 4 4 43 1 4 2 -866.17 -806.13
42 1 4 513 72 4 4 42 1 4 2 -920.23 -810.23
41 1 4 513 72 4 4 41 1 4 2 -860.83 -799.04
40 1 4 513 72 4 4 40 1 4 2 -906.23 -796.34
39 1 4 513 72 4 4 39 1 4 2 -851.39 -786.18
38 1 4 513 72 4 4 38 1 4 2 -900.12 -787.43
37 1 4 513 72 4 4 37 1 4 2 -842.55 -777.59
36 1 4 513 72 4 4 36 1 4 2 -887.67 -779.50
35 1 4 513 72 4 4 35 1 4 2 -831.62 -770.08
34 1 4 513 72 4 4 34 1 4 2 -877.45 -763.94
33 1 4 513 72 4 4 33 1 4 2 -821.19 -749.99
32 1 4 513 72 4 4 32 1 4 2 -858.80 -780.31
31 1 4 513 72 4 4 31 1 4 2 -809.77 -751.51
30 1 4 513 72 4 4 30 1 4 2 -847.99 -758.34
29 1 4 513 72 4 4 29 1 4 2 -797.21 -737.95
28 1 4 513 72 4 4 28 1 4 2 -830.37 -740.22
27 1 4 513 72 4 4 27 1 4 2 -782.61 -722.85
26 1 4 513 72 4 4 26 1 4 2 -816.57 -726.03
25 1 4 513 72 4 4 25 1 4 2 -769.98 -708.65
24 1 4 513 72 4 4 24 1 4 2 -795.03 -706.41
23 1 4 513 72 4 4 23 1 4 2 -753.78 -687.54
22 1 4 513 72 4 4 22 1 4 2 -781.02 -684.92
21 1 4 513 72 4 4 21 1 4 2 -736.44 -669.28
20 1 4 513 72 4 4 20 1 4 2 -756.67 -670.49
19 1 4 513 72 4 4 19 1 4 2 -715.78 -651.67
18 1 4 513 72 4 4 18 1 4 2 -734.25 -641.66
17 1 4 513 72 4 4 17 1 4 2 -692.81 -616.92
16 1 4 513 72 4 4 16 1 4 2 -702.57 -655.98
15 1 4 513 72 4 4 15 1 4 2 -665.53 -645.89
14 1 4 513 72 4 4 14 1 4 2 -669.73 -624.87
13 1 4 513 72 4 4 13 1 4 2 -633.66 -614.26
12 1 4 513 72 4 4 12 1 4 2 -629.45 -603.81
0 1 4 513 72 4 4 1 1 4 2 -593.74 -603.81
