KB MULADD LAT PREF NB MU NU KU FFTCH IFTCH NFTCH GEN-MFLOP SPC-MFLOP
60 1 4 1 60 4 1 60 0 3 2 -2447.33 -2264.78
59 1 4 1 60 4 1 59 0 3 2 -2543.82 -2347.74
58 1 4 1 60 4 1 58 0 3 2 -2581.33 -2325.64
57 1 4 1 60 4 1 57 0 3 2 -2558.28 -2327.86
56 1 4 1 60 4 1 56 0 3 2 -2546.18 -2331.36
55 1 4 1 60 4 1 55 0 3 2 -2577.56 -2317.37
54 1 4 1 60 4 1 54 0 3 2 -2550.32 -2230.34
53 1 4 1 60 4 1 53 0 3 2 -2577.29 -2342.82
52 1 4 1 60 4 1 52 0 3 2 -2540.12 -2316.10
51 1 4 1 60 4 1 51 0 3 2 -2599.80 -2271.38
50 1 4 1 60 4 1 50 0 3 2 -2503.79 -2212.84
49 1 4 1 60 4 1 49 0 3 2 -2568.27 -2218.67
48 1 4 1 60 4 1 48 0 3 2 -2543.15 -2285.43
47 1 4 1 60 4 1 47 0 3 2 -2592.42 -2348.76
46 1 4 1 60 4 1 46 0 3 2 -2589.39 -2345.76
45 1 4 1 60 4 1 45 0 3 2 -2562.72 -2317.47
44 1 4 1 60 4 1 44 0 3 2 -2548.53 -2328.67
43 1 4 1 60 4 1 43 0 3 2 -2471.59 -2322.63
42 1 4 1 60 4 1 42 0 3 2 -2586.69 -2285.50
41 1 4 1 60 4 1 41 0 3 2 -2546.52 -2321.16
40 1 4 1 60 4 1 40 0 3 2 -2552.20 -2291.22
39 1 4 1 60 4 1 39 0 3 2 -2569.35 -2213.11
38 1 4 1 60 4 1 38 0 3 2 -2569.92 -2266.23
37 1 4 1 60 4 1 37 0 3 2 -2591.01 -2289.45
36 1 4 1 60 4 1 36 0 3 2 -2521.35 -2244.75
35 1 4 1 60 4 1 35 0 3 2 -2543.95 -2191.31
34 1 4 1 60 4 1 34 0 3 2 -2569.68 -2199.19
33 1 4 1 60 4 1 33 0 3 2 -2567.55 -2194.81
32 1 4 1 60 4 1 32 0 3 2 -2510.07 -2187.96
31 1 4 1 60 4 1 31 0 3 2 -2463.43 -2291.69
30 1 4 1 60 4 1 30 0 3 2 -2560.42 -2281.28
29 1 4 1 60 4 1 29 0 3 2 -2504.51 -2171.47
28 1 4 1 60 4 1 28 0 3 2 -2476.79 -2249.23
27 1 4 1 60 4 1 27 0 3 2 -2520.66 -2193.55
26 1 4 1 60 4 1 26 0 3 2 -2541.68 -2174.80
25 1 4 1 60 4 1 25 0 3 2 -2510.87 -2175.43
24 1 4 1 60 4 1 24 0 3 2 -2419.76 -2162.39
23 1 4 1 60 4 1 23 0 3 2 -2521.54 -2134.52
22 1 4 1 60 4 1 22 0 3 2 -2491.57 -2136.02
21 1 4 1 60 4 1 21 0 3 2 -2473.07 -2114.37
20 1 4 1 60 4 1 20 0 3 2 -2406.49 -2068.85
19 1 4 1 60 4 1 19 0 3 2 -2436.19 -2064.56
18 1 4 1 60 4 1 18 0 3 2 -2433.80 -1941.57
17 1 4 1 60 4 1 17 0 3 2 -2352.29 -1939.10
16 1 4 1 60 4 1 16 0 3 2 -2332.51 -2065.19
15 1 4 1 60 4 1 15 0 3 2 -2343.82 -1995.54
14 1 4 1 60 4 1 14 0 3 2 -2305.71 -1989.84
13 1 4 1 60 4 1 13 0 3 2 -2295.43 -1901.45
12 1 4 1 60 4 1 12 0 3 2 -2245.41 -1928.93
11 1 4 1 60 4 1 11 0 3 2 -2314.63 -1817.24
10 1 4 1 60 4 1 10 0 3 2 -2260.60 -1795.41
9 1 4 1 60 4 1 9 0 3 2 -2152.45 -1795.41
8 1 4 1 60 4 1 8 0 3 2 -2035.89 -1795.41
7 1 4 1 60 4 1 7 0 3 2 -2131.12 -1795.41
6 1 4 1 60 4 1 6 0 3 2 -1962.34 -1795.41
5 1 4 1 60 4 1 5 0 3 2 -1880.52 -1795.41
0 1 4 1 60 4 1 1 0 3 2 -1652.25 -1795.41
