KB MULADD LAT PREF NB MU NU KU FFTCH IFTCH NFTCH GEN-MFLOP SPC-MFLOP
36 1 4 1 36 4 1 36 1 3 1 -2446.87 -2161.87
35 1 4 1 36 4 1 35 1 3 1 -2433.70 -2193.07
34 1 4 1 36 4 1 34 1 3 1 -2428.65 -2197.30
33 1 4 1 36 4 1 33 1 3 1 -2430.48 -2184.60
32 1 4 1 36 4 1 32 1 3 1 -2427.94 -2197.87
31 1 4 1 36 4 1 31 1 3 1 -2402.88 -2150.39
30 1 4 1 36 4 1 30 1 3 1 -2385.26 -2140.89
29 1 4 1 36 4 1 29 1 3 1 -2432.98 -2134.45
28 1 4 1 36 4 1 28 1 3 1 -2417.82 -2089.90
27 1 4 1 36 4 1 27 1 3 1 -2416.75 -2101.86
26 1 4 1 36 4 1 26 1 3 1 -2409.63 -2078.56
25 1 4 1 36 4 1 25 1 3 1 -2389.23 -2069.72
24 1 4 1 36 4 1 24 1 3 1 -2336.90 -2026.24
23 1 4 1 36 4 1 23 1 3 1 -2292.20 -2030.59
22 1 4 1 36 4 1 22 1 3 1 -2368.20 -1993.53
21 1 4 1 36 4 1 21 1 3 1 -2351.76 -1985.62
20 1 4 1 36 4 1 20 1 3 1 -2354.03 -1956.62
19 1 4 1 36 4 1 19 1 3 1 -2337.18 -1922.48
18 1 4 1 36 4 1 18 1 3 1 -2289.67 -1914.46
17 1 4 1 36 4 1 17 1 3 1 -2293.39 -1886.77
16 1 4 1 36 4 1 16 1 3 1 -2221.56 -1869.84
15 1 4 1 36 4 1 15 1 3 1 -2275.68 -2076.55
14 1 4 1 36 4 1 14 1 3 1 -2240.62 -2030.91
13 1 4 1 36 4 1 13 1 3 1 -2146.80 -2008.16
12 1 4 1 36 4 1 12 1 3 1 -2096.94 -1977.12
11 1 4 1 36 4 1 11 1 3 1 -2137.26 -1930.04
10 1 4 1 36 4 1 10 1 3 1 -2117.32 -1878.86
9 1 4 1 36 4 1 9 1 3 1 -1960.39 -1829.53
8 1 4 1 36 4 1 8 1 3 1 -1984.74 -1679.51
7 1 4 1 36 4 1 7 1 3 1 -2002.20 -1694.42
6 1 4 1 36 4 1 6 1 3 1 -1917.32 -1679.51
5 1 4 1 36 4 1 5 1 3 1 -1804.40 -1679.51
0 1 4 1 36 4 1 1 1 3 1 -1639.88 -1679.51
