KB MULADD LAT PREF NB MU NU KU FFTCH IFTCH NFTCH GEN-MFLOP SPC-MFLOP
72 1 4 0 72 4 2 72 0 2 1 -5065.47 -4952.99
71 1 4 0 72 4 2 71 0 2 1 -5052.63 -4948.06
70 1 4 0 72 4 2 70 0 2 1 -5049.27 -4944.82
69 1 4 0 72 4 2 69 0 2 1 -5062.84 -4952.14
68 1 4 0 72 4 2 68 0 2 1 -5054.36 -4942.60
67 1 4 0 72 4 2 67 0 2 1 -5047.66 -4929.82
66 1 4 0 72 4 2 66 0 2 1 -5062.52 -4910.30
65 1 4 0 72 4 2 65 0 2 1 -5055.58 -4923.71
64 1 4 0 72 4 2 64 0 2 1 -5047.38 -4928.24
63 1 4 0 72 4 2 63 0 2 1 -5071.23 -4907.62
62 1 4 0 72 4 2 62 0 2 1 -5050.69 -4910.95
61 1 4 0 72 4 2 61 0 2 1 -5045.89 -4909.50
60 1 4 0 72 4 2 60 0 2 1 -5043.23 -4907.91
59 1 4 0 72 4 2 59 0 2 1 -5061.90 -4898.03
58 1 4 0 72 4 2 58 0 2 1 -5049.72 -4894.57
57 1 4 0 72 4 2 57 0 2 1 -5039.50 -4899.83
56 1 4 0 72 4 2 56 0 2 1 -5061.84 -4893.43
55 1 4 0 72 4 2 55 0 2 1 -5043.98 -4870.14
54 1 4 0 72 4 2 54 0 2 1 -5035.17 -4854.73
53 1 4 0 72 4 2 53 0 2 1 -5059.75 -4865.86
52 1 4 0 72 4 2 52 0 2 1 -5040.32 -4862.89
51 1 4 0 72 4 2 51 0 2 1 -5031.84 -4841.52
50 1 4 0 72 4 2 50 0 2 1 -5056.27 -4841.71
49 1 4 0 72 4 2 49 0 2 1 -5036.23 -4843.48
48 1 4 0 72 4 2 48 0 2 1 -5021.10 -4841.11
47 1 4 0 72 4 2 47 0 2 1 -5055.83 -4831.97
46 1 4 0 72 4 2 46 0 2 1 -5031.13 -4824.77
45 1 4 0 72 4 2 45 0 2 1 -5018.87 -4833.50
44 1 4 0 72 4 2 44 0 2 1 -5015.60 -4820.26
43 1 4 0 72 4 2 43 0 2 1 -5043.36 -4793.66
42 1 4 0 72 4 2 42 0 2 1 -5022.61 -4777.85
41 1 4 0 72 4 2 41 0 2 1 -5023.61 -4783.10
40 1 4 0 72 4 2 40 0 2 1 -5037.38 -4774.82
39 1 4 0 72 4 2 39 0 2 1 -5008.09 -4740.45
38 1 4 0 72 4 2 38 0 2 1 -5000.53 -4739.82
37 1 4 0 72 4 2 37 0 2 1 -5009.98 -4746.15
36 1 4 0 72 4 2 36 0 2 1 -4999.99 -4740.37
35 1 4 0 72 4 2 35 0 2 1 -4989.55 -4740.34
34 1 4 0 72 4 2 34 0 2 1 -5011.79 -4728.36
33 1 4 0 72 4 2 33 0 2 1 -4999.70 -4736.37
32 1 4 0 72 4 2 32 0 2 1 -5000.54 -4698.27
31 1 4 0 72 4 2 31 0 2 1 -4997.39 -4695.44
30 1 4 0 72 4 2 30 0 2 1 -4986.66 -4660.26
29 1 4 0 72 4 2 29 0 2 1 -4966.06 -4642.57
28 1 4 0 72 4 2 28 0 2 1 -4940.64 -4630.32
27 1 4 0 72 4 2 27 0 2 1 -4938.85 -4595.71
26 1 4 0 72 4 2 26 0 2 1 -4945.64 -4563.41
25 1 4 0 72 4 2 25 0 2 1 -4903.15 -4578.29
24 1 4 0 72 4 2 24 0 2 1 -4920.37 -4544.61
23 1 4 0 72 4 2 23 0 2 1 -4903.55 -4557.98
22 1 4 0 72 4 2 22 0 2 1 -4864.32 -4531.74
21 1 4 0 72 4 2 21 0 2 1 -4844.28 -4555.41
20 1 4 0 72 4 2 20 0 2 1 -4848.19 -4494.37
19 1 4 0 72 4 2 19 0 2 1 -4805.05 -4458.53
18 1 4 0 72 4 2 18 0 2 1 -4801.93 -4409.14
17 1 4 0 72 4 2 17 0 2 1 -4769.21 -4326.66
16 1 4 0 72 4 2 16 0 2 1 -4747.04 -4331.46
15 1 4 0 72 4 2 15 0 2 1 -4710.43 -4214.84
14 1 4 0 72 4 2 14 0 2 1 -4680.45 -4180.92
13 1 4 0 72 4 2 13 0 2 1 -4670.61 -4162.38
12 1 4 0 72 4 2 12 0 2 1 -4559.94 -4126.74
11 1 4 0 72 4 2 11 0 2 1 -4570.90 -4126.74
10 1 4 0 72 4 2 10 0 2 1 -4484.34 -4126.74
9 1 4 0 72 4 2 9 0 2 1 -4385.86 -4126.74
8 1 4 0 72 4 2 8 0 2 1 -4355.02 -4126.74
7 1 4 0 72 4 2 7 0 2 1 -4211.42 -4126.74
0 1 4 0 72 4 2 1 0 2 1 -4068.14 -4126.74
