KB MULADD LAT PREF NB MU NU KU FFTCH IFTCH NFTCH GEN-MFLOP SPC-MFLOP
50 1 5 1 50 2 5 1 0 2 2 -3156.53 -2757.06
49 1 5 1 50 2 5 1 0 2 2 -3144.27 -2757.06
48 1 5 1 50 2 5 1 0 2 2 -3181.02 -2757.06
47 1 5 1 50 2 5 1 0 2 2 -3144.34 -2757.06
46 1 5 1 50 2 5 1 0 2 2 -3148.18 -2757.06
45 1 5 1 50 2 5 1 0 2 2 -3152.33 -2757.06
44 1 5 1 50 2 5 1 0 2 2 -3116.24 -2757.06
43 1 5 1 50 2 5 1 0 2 2 -3124.24 -2757.06
42 1 5 1 50 2 5 1 0 2 2 -3152.44 -2757.06
41 1 5 1 50 2 5 1 0 2 2 -3120.09 -2757.06
40 1 5 1 50 2 5 1 0 2 2 -3156.53 -2757.06
39 1 5 1 50 2 5 1 0 2 2 -3100.43 -2757.06
38 1 5 1 50 2 5 1 0 2 2 -3116.19 -2757.06
37 1 5 1 50 2 5 1 0 2 2 -3084.66 -2757.06
36 1 5 1 50 2 5 1 0 2 2 -3080.68 -2757.06
35 1 5 1 50 2 5 1 0 2 2 -3069.21 -2757.06
34 1 5 1 50 2 5 1 0 2 2 -3112.26 -2757.06
33 1 5 1 50 2 5 1 0 2 2 -2946.88 -2757.06
32 1 5 1 50 2 5 1 0 2 2 -3112.24 -2757.06
31 1 5 1 50 2 5 1 0 2 2 -3050.01 -2757.06
30 1 5 1 50 2 5 1 0 2 2 -3030.93 -2757.06
29 1 5 1 50 2 5 1 0 2 2 -3072.94 -2757.06
28 1 5 1 50 2 5 1 0 2 2 -3046.09 -2757.06
27 1 5 1 50 2 5 1 0 2 2 -3049.99 -2757.06
26 1 5 1 50 2 5 1 0 2 2 -2979.21 -2757.06
25 1 5 1 50 2 5 1 0 2 2 -3034.83 -2757.06
24 1 5 1 50 2 5 1 0 2 2 -3057.59 -2757.06
23 1 5 1 50 2 5 1 0 2 2 -2979.19 -2757.06
22 1 5 1 50 2 5 1 0 2 2 -2939.78 -2757.06
21 1 5 1 50 2 5 1 0 2 2 -2922.14 -2757.06
20 1 5 1 50 2 5 1 0 2 2 -2943.30 -2757.06
0 1 5 1 50 2 5 1 0 2 2 -2708.08 -2757.06
