KB MULADD LAT PREF NB MU NU KU FFTCH IFTCH NFTCH GEN-MFLOP SPC-MFLOP
52 1 5 0 52 2 4 16 0 2 2 -4229.80 -3962.82
51 1 5 0 52 2 4 16 0 2 2 -4141.81 -3962.82
50 1 5 0 52 2 4 16 0 2 2 -4241.98 -3962.82
49 1 5 0 52 2 4 16 0 2 2 -4231.97 -3962.82
48 1 5 0 52 2 4 16 0 2 2 -4274.89 -3962.82
47 1 5 0 52 2 4 16 0 2 2 -4243.81 -3962.82
46 1 5 0 52 2 4 16 0 2 2 -4217.50 -3962.82
45 1 5 0 52 2 4 16 0 2 2 -4222.38 -3962.82
44 1 5 0 52 2 4 16 0 2 2 -4226.77 -3962.82
43 1 5 0 52 2 4 16 0 2 2 -4213.12 -3962.82
42 1 5 0 52 2 4 16 0 2 2 -4209.37 -3962.82
41 1 5 0 52 2 4 16 0 2 2 -4206.17 -3962.82
40 1 5 0 52 2 4 16 0 2 2 -4176.25 -3962.82
39 1 5 0 52 2 4 16 0 2 2 -4183.27 -3962.82
38 1 5 0 52 2 4 16 0 2 2 -4184.26 -3962.82
37 1 5 0 52 2 4 16 0 2 2 -4122.60 -3962.82
36 1 5 0 52 2 4 16 0 2 2 -4146.02 -3962.82
35 1 5 0 52 2 4 16 0 2 2 -4070.44 -3962.82
34 1 5 0 52 2 4 16 0 2 2 -4127.13 -3962.82
33 1 5 0 52 2 4 16 0 2 2 -4097.82 -3962.82
32 1 5 0 52 2 4 16 0 2 2 -4146.47 -3962.82
31 1 5 0 52 2 4 16 0 2 2 -4198.39 -3962.82
30 1 5 0 52 2 4 16 0 2 2 -4211.53 -3962.82
29 1 5 0 52 2 4 16 0 2 2 -4196.04 -3962.82
28 1 5 0 52 2 4 16 0 2 2 -4202.03 -3962.82
27 1 5 0 52 2 4 16 0 2 2 -4185.89 -3962.82
26 1 5 0 52 2 4 16 0 2 2 -4217.04 -3962.82
25 1 5 0 52 2 4 16 0 2 2 -4181.22 -3962.82
24 1 5 0 52 2 4 16 0 2 2 -4225.40 -3962.82
23 1 5 0 52 2 4 16 0 2 2 -4196.38 -3962.82
22 1 5 0 52 2 4 16 0 2 2 -4233.10 -3962.82
21 1 5 0 52 2 4 16 0 2 2 -4197.73 -3962.82
20 1 5 0 52 2 4 16 0 2 2 -4223.60 -3962.82
19 1 5 0 52 2 4 16 0 2 2 -4178.96 -3962.82
18 1 5 0 52 2 4 16 0 2 2 -4211.07 -3962.82
17 1 5 0 52 2 4 16 0 2 2 -4177.20 -3962.82
16 1 5 0 52 2 4 16 0 2 2 -4183.11 -3962.82
15 1 5 0 52 2 4 15 0 2 2 -4108.16 -3352.17
14 1 5 0 52 2 4 14 0 2 2 -4137.60 -3352.17
13 1 5 0 52 2 4 13 0 2 2 -4051.07 -3352.17
12 1 5 0 52 2 4 12 0 2 2 -4036.31 -3352.17
11 1 5 0 52 2 4 11 0 2 2 -3993.40 -3352.17
10 1 5 0 52 2 4 10 0 2 2 -3965.59 -3352.17
9 1 5 0 52 2 4 9 0 2 2 -3896.70 -3352.17
8 1 5 0 52 2 4 8 0 2 2 -3783.86 -3352.17
7 1 5 0 52 2 4 7 0 2 2 -3653.42 -3352.17
6 1 5 0 52 2 4 6 0 2 2 -3517.58 -3352.17
5 1 5 0 52 2 4 5 0 2 2 -3403.72 -3352.17
0 1 5 0 52 2 4 1 0 2 2 -3108.91 -3352.17
