KB MULADD LAT PREF NB MU NU KU FFTCH IFTCH NFTCH GEN-MFLOP SPC-MFLOP
72 1 5 1 72 4 1 72 0 3 1 -6600.87 -6465.51
71 1 5 1 72 4 1 71 0 3 1 -6615.30 -6469.65
70 1 5 1 72 4 1 70 0 3 1 -6608.06 -6472.87
69 1 5 1 72 4 1 69 0 3 1 -6602.62 -6475.41
68 1 5 1 72 4 1 68 0 3 1 -6614.59 -6460.64
67 1 5 1 72 4 1 67 0 3 1 -6600.05 -6456.57
66 1 5 1 72 4 1 66 0 3 1 -6612.42 -6418.38
65 1 5 1 72 4 1 65 0 3 1 -6595.80 -6404.23
64 1 5 1 72 4 1 64 0 3 1 -6568.25 -6324.34
63 1 5 1 72 4 1 63 0 3 1 -6593.79 -6461.84
62 1 5 1 72 4 1 62 0 3 1 -6610.03 -6467.94
61 1 5 1 72 4 1 61 0 3 1 -6590.62 -6477.91
60 1 5 1 72 4 1 60 0 3 1 -6593.33 -6442.36
59 1 5 1 72 4 1 59 0 3 1 -6584.05 -6445.39
58 1 5 1 72 4 1 58 0 3 1 -6591.74 -6444.20
57 1 5 1 72 4 1 57 0 3 1 -6584.50 -6431.37
56 1 5 1 72 4 1 56 0 3 1 -6580.98 -6420.34
55 1 5 1 72 4 1 55 0 3 1 -6582.62 -6425.99
54 1 5 1 72 4 1 54 0 3 1 -6583.20 -6427.73
53 1 5 1 72 4 1 53 0 3 1 -6574.94 -6416.89
52 1 5 1 72 4 1 52 0 3 1 -6578.20 -6413.67
51 1 5 1 72 4 1 51 0 3 1 -6575.13 -6408.07
50 1 5 1 72 4 1 50 0 3 1 -6587.40 -6374.52
49 1 5 1 72 4 1 49 0 3 1 -6568.70 -6314.02
48 1 5 1 72 4 1 48 0 3 1 -6488.67 -6222.85
47 1 5 1 72 4 1 47 0 3 1 -6566.73 -6386.78
46 1 5 1 72 4 1 46 0 3 1 -6567.08 -6373.61
45 1 5 1 72 4 1 45 0 3 1 -6560.57 -6374.48
44 1 5 1 72 4 1 44 0 3 1 -6560.15 -6348.63
43 1 5 1 72 4 1 43 0 3 1 -6566.35 -6346.63
42 1 5 1 72 4 1 42 0 3 1 -6552.54 -6345.16
41 1 5 1 72 4 1 41 0 3 1 -6550.48 -6331.66
40 1 5 1 72 4 1 40 0 3 1 -6535.87 -6302.59
39 1 5 1 72 4 1 39 0 3 1 -6543.56 -6306.94
38 1 5 1 72 4 1 38 0 3 1 -6537.83 -6317.58
37 1 5 1 72 4 1 37 0 3 1 -6534.69 -6291.14
36 1 5 1 72 4 1 36 0 3 1 -6532.04 -6289.85
35 1 5 1 72 4 1 35 0 3 1 -6522.98 -6262.86
34 1 5 1 72 4 1 34 0 3 1 -6523.06 -6204.55
33 1 5 1 72 4 1 33 0 3 1 -6517.69 -6124.82
32 1 5 1 72 4 1 32 0 3 1 -6451.51 -6002.37
31 1 5 1 72 4 1 31 0 3 1 -6509.90 -6232.20
30 1 5 1 72 4 1 30 0 3 1 -6497.85 -6218.58
29 1 5 1 72 4 1 29 0 3 1 -6490.26 -6215.77
28 1 5 1 72 4 1 28 0 3 1 -6479.42 -6164.90
27 1 5 1 72 4 1 27 0 3 1 -6477.06 -6155.46
26 1 5 1 72 4 1 26 0 3 1 -6461.24 -6142.42
25 1 5 1 72 4 1 25 0 3 1 -6458.44 -6127.30
24 1 5 1 72 4 1 24 0 3 1 -6429.28 -6050.23
23 1 5 1 72 4 1 23 0 3 1 -6441.40 -6065.57
22 1 5 1 72 4 1 22 0 3 1 -6421.42 -6054.13
21 1 5 1 72 4 1 21 0 3 1 -6431.16 -6022.92
20 1 5 1 72 4 1 20 0 3 1 -6398.11 -5995.02
19 1 5 1 72 4 1 19 0 3 1 -6389.37 -5943.82
18 1 5 1 72 4 1 18 0 3 1 -6386.52 -5827.64
17 1 5 1 72 4 1 17 0 3 1 -6356.12 -5693.90
16 1 5 1 72 4 1 16 0 3 1 -6207.92 -5486.96
15 1 5 1 72 4 1 15 0 3 1 -6343.95 -5998.72
14 1 5 1 72 4 1 14 0 3 1 -6322.11 -5889.97
13 1 5 1 72 4 1 13 0 3 1 -6300.95 -5921.36
12 1 5 1 72 4 1 12 0 3 1 -6265.70 -5857.85
11 1 5 1 72 4 1 11 0 3 1 -6229.44 -5813.35
10 1 5 1 72 4 1 10 0 3 1 -6194.67 -5766.39
9 1 5 1 72 4 1 9 0 3 1 -6141.56 -5586.26
8 1 5 1 72 4 1 8 0 3 1 -6053.30 -5486.96
7 1 5 1 72 4 1 7 0 3 1 -5998.42 -5486.96
6 1 5 1 72 4 1 6 0 3 1 -5898.00 -5486.96
5 1 5 1 72 4 1 5 0 3 1 -5741.84 -5486.96
0 1 5 1 72 4 1 1 0 3 1 -5527.19 -5486.96
