KB MULADD LAT PREF NB MU NU KU FFTCH IFTCH NFTCH GEN-MFLOP SPC-MFLOP
72 0 5 0 72 4 1 72 1 3 1 -6680.36 -6284.80
71 0 5 0 72 4 1 71 1 3 1 -6691.43 -6274.95
70 0 5 0 72 4 1 70 1 3 1 -6697.43 -6270.50
69 0 5 0 72 4 1 69 1 3 1 -6683.95 -6264.36
68 0 5 0 72 4 1 68 1 3 1 -6685.82 -6252.74
67 0 5 0 72 4 1 67 1 3 1 -6685.32 -6233.00
66 0 5 0 72 4 1 66 1 3 1 -6685.40 -6245.44
65 0 5 0 72 4 1 65 1 3 1 -6680.01 -6247.26
64 0 5 0 72 4 1 64 1 3 1 -6645.37 -6220.84
63 0 5 0 72 4 1 63 1 3 1 -6695.66 -6226.13
62 0 5 0 72 4 1 62 1 3 1 -6695.04 -6228.18
61 0 5 0 72 4 1 61 1 3 1 -6684.45 -6211.86
60 0 5 0 72 4 1 60 1 3 1 -6680.56 -6199.36
59 0 5 0 72 4 1 59 1 3 1 -6648.05 -6211.11
58 0 5 0 72 4 1 58 1 3 1 -6682.30 -6188.16
57 0 5 0 72 4 1 57 1 3 1 -6683.74 -6176.88
56 0 5 0 72 4 1 56 1 3 1 -6684.59 -6163.98
55 0 5 0 72 4 1 55 1 3 1 -6685.07 -6169.02
54 0 5 0 72 4 1 54 1 3 1 -6687.17 -6147.05
53 0 5 0 72 4 1 53 1 3 1 -6703.59 -6155.28
52 0 5 0 72 4 1 52 1 3 1 -6692.97 -6144.07
51 0 5 0 72 4 1 51 1 3 1 -6691.90 -6145.62
50 0 5 0 72 4 1 50 1 3 1 -6684.93 -6129.01
49 0 5 0 72 4 1 49 1 3 1 -6684.03 -6124.55
48 0 5 0 72 4 1 48 1 3 1 -6622.77 -6118.65
47 0 5 0 72 4 1 47 1 3 1 -6687.25 -6118.65
46 0 5 0 72 4 1 46 1 3 1 -6687.83 -6118.65
45 0 5 0 72 4 1 45 1 3 1 -6686.26 -6118.65
44 0 5 0 72 4 1 44 1 3 1 -6691.90 -6118.65
43 0 5 0 72 4 1 43 1 3 1 -6660.71 -6118.65
42 0 5 0 72 4 1 42 1 3 1 -6689.03 -6118.65
41 0 5 0 72 4 1 41 1 3 1 -6688.98 -6118.65
40 0 5 0 72 4 1 40 1 3 1 -6685.35 -6118.65
39 0 5 0 72 4 1 39 1 3 1 -6691.94 -6118.65
38 0 5 0 72 4 1 38 1 3 1 -6690.36 -6118.65
37 0 5 0 72 4 1 37 1 3 1 -6691.08 -6118.65
36 0 5 0 72 4 1 36 1 3 1 -6689.59 -6118.65
35 0 5 0 72 4 1 35 1 3 1 -6691.12 -6118.65
34 0 5 0 72 4 1 34 1 3 1 -6685.94 -6118.65
33 0 5 0 72 4 1 33 1 3 1 -6647.39 -6118.65
32 0 5 0 72 4 1 32 1 3 1 -6616.29 -6118.65
31 0 5 0 72 4 1 31 1 3 1 -6689.51 -6118.65
30 0 5 0 72 4 1 30 1 3 1 -6690.59 -6118.65
29 0 5 0 72 4 1 29 1 3 1 -6688.85 -6118.65
28 0 5 0 72 4 1 28 1 3 1 -6685.20 -6118.65
27 0 5 0 72 4 1 27 1 3 1 -6663.18 -6118.65
26 0 5 0 72 4 1 26 1 3 1 -6680.96 -6118.65
25 0 5 0 72 4 1 25 1 3 1 -6676.28 -6118.65
24 0 5 0 72 4 1 24 1 3 1 -6670.96 -6118.65
23 0 5 0 72 4 1 23 1 3 1 -6686.87 -6118.65
22 0 5 0 72 4 1 22 1 3 1 -6674.93 -6118.65
21 0 5 0 72 4 1 21 1 3 1 -6679.89 -6118.65
20 0 5 0 72 4 1 20 1 3 1 -6677.44 -6118.65
19 0 5 0 72 4 1 19 1 3 1 -6677.70 -6118.65
18 0 5 0 72 4 1 18 1 3 1 -6687.65 -6118.65
17 0 5 0 72 4 1 17 1 3 1 -6667.07 -6118.65
16 0 5 0 72 4 1 16 1 3 1 -6534.00 -6118.65
15 0 5 0 72 4 1 15 1 3 1 -6670.57 -6118.65
14 0 5 0 72 4 1 14 1 3 1 -6654.54 -6118.65
13 0 5 0 72 4 1 13 1 3 1 -6661.73 -6118.65
12 0 5 0 72 4 1 12 1 3 1 -6650.62 -6118.65
11 0 5 0 72 4 1 11 1 3 1 -6615.07 -6118.65
10 0 5 0 72 4 1 10 1 3 1 -6643.44 -6118.65
9 0 5 0 72 4 1 9 1 3 1 -6610.40 -6118.65
8 0 5 0 72 4 1 8 1 3 1 -6539.12 -6118.65
7 0 5 0 72 4 1 7 1 3 1 -6592.54 -6118.65
6 0 5 0 72 4 1 6 1 3 1 -6540.76 -6118.65
5 0 5 0 72 4 1 5 1 3 1 -6495.11 -6118.65
4 0 5 0 72 4 1 4 1 3 1 -6320.95 -6118.65
0 0 4 0 72 4 1 1 1 3 1 -6074.30 -6118.65
