KB MULADD LAT PREF NB MU NU KU FFTCH IFTCH NFTCH GEN-MFLOP SPC-MFLOP
48 0 1 0 48 2 3 48 1 3 2 -6315.23 -6069.37
47 0 1 0 48 2 3 47 1 3 2 -6334.43 -6086.19
46 0 1 0 48 2 3 46 1 3 2 -6329.43 -6071.82
45 0 1 0 48 2 3 45 1 3 2 -6333.63 -6069.48
44 0 1 0 48 2 3 44 1 3 2 -6325.50 -6061.07
43 0 1 0 48 2 3 43 1 3 2 -6330.54 -6062.16
42 0 1 0 48 2 3 42 1 3 2 -6321.68 -6042.99
41 0 1 0 48 2 3 41 1 3 2 -6317.66 -6030.82
40 0 1 0 48 2 3 40 1 3 2 -6296.23 -6001.77
39 0 1 0 48 2 3 39 1 3 2 -6316.35 -6005.67
38 0 1 0 48 2 3 38 1 3 2 -6309.55 -6006.40
37 0 1 0 48 2 3 37 1 3 2 -6306.43 -6010.74
36 0 1 0 48 2 3 36 1 3 2 -6296.73 -5983.47
35 0 1 0 48 2 3 35 1 3 2 -6298.60 -5966.56
34 0 1 0 48 2 3 34 1 3 2 -6296.08 -5932.18
33 0 1 0 48 2 3 33 1 3 2 -6291.06 -5943.73
32 0 1 0 48 2 3 32 1 3 2 -6271.92 -5911.56
31 0 1 0 48 2 3 31 1 3 2 -6277.20 -5918.19
30 0 1 0 48 2 3 30 1 3 2 -6273.82 -5911.56
29 0 1 0 48 2 3 29 1 3 2 -6270.29 -5911.56
28 0 1 0 48 2 3 28 1 3 2 -6257.85 -5911.56
27 0 1 0 48 2 3 27 1 3 2 -6259.91 -5911.56
26 0 1 0 48 2 3 26 1 3 2 -6245.40 -5911.56
25 0 1 0 48 2 3 25 1 3 2 -6241.40 -5911.56
24 0 1 0 48 2 3 24 1 3 2 -6209.93 -5911.56
23 0 1 0 48 2 3 23 1 3 2 -6222.98 -5911.56
22 0 1 0 48 2 3 22 1 3 2 -6226.09 -5911.56
21 0 1 0 48 2 3 21 1 3 2 -6219.95 -5911.56
20 0 1 0 48 2 3 20 1 3 2 -6197.62 -5911.56
19 0 1 0 48 2 3 19 1 3 2 -6194.25 -5911.56
18 0 1 0 48 2 3 18 1 3 2 -6180.61 -5911.56
17 0 1 0 48 2 3 17 1 3 2 -6164.09 -5911.56
16 0 1 0 48 2 3 16 1 3 2 -6137.41 -5911.56
15 0 1 0 48 2 3 15 1 3 2 -6127.58 -5911.56
14 0 1 0 48 2 3 14 1 3 2 -6099.87 -5911.56
13 0 1 0 48 2 3 13 1 3 2 -6077.14 -5911.56
12 0 1 0 48 2 3 12 1 3 2 -6039.63 -5911.56
11 0 1 0 48 2 3 11 1 3 2 -6006.66 -5911.56
0 0 1 0 48 2 3 1 1 3 2 -5941.02 -5911.56
