 KB  MULADD  LAT  NB  MU  NU  KU  FFTCH  IFTCH  NFTCH  GEN-MFLOP  SPC-MFLOP
 64       1    5  64   5   5   1      0      8      1    -448.24    -431.78
 63       1    5  64   5   5   1      0      8      1    -463.39    -431.78
 62       1    5  64   5   5   1      0      8      1    -460.75    -431.78
 61       1    5  64   5   5   1      0      8      1    -460.15    -431.78
 60       1    5  64   5   5   1      0      8      1    -447.86    -431.78
 59       1    5  64   5   5   1      0      8      1    -460.76    -431.78
 58       1    5  64   5   5   1      0      8      1    -455.82    -431.78
 57       1    5  64   5   5   1      0      8      1    -459.70    -431.78
 56       1    5  64   5   5   1      0      8      1    -449.14    -431.78
 55       1    5  64   5   5   1      0      8      1    -457.20    -431.78
 54       1    5  64   5   5   1      0      8      1    -453.60    -431.78
 53       1    5  64   5   5   1      0      8      1    -456.65    -431.78
 52       1    5  64   5   5   1      0      8      1    -443.74    -431.78
 51       1    5  64   5   5   1      0      8      1    -453.72    -431.78
 50       1    5  64   5   5   1      0      8      1    -452.10    -431.78
 49       1    5  64   5   5   1      0      8      1    -449.60    -431.78
 48       1    5  64   5   5   1      0      8      1    -440.58    -431.78
 47       1    5  64   5   5   1      0      8      1    -452.14    -431.78
 46       1    5  64   5   5   1      0      8      1    -447.95    -431.78
 45       1    5  64   5   5   1      0      8      1    -447.87    -431.78
 44       1    5  64   5   5   1      0      8      1    -438.13    -431.78
 43       1    5  64   5   5   1      0      8      1    -448.22    -431.78
 42       1    5  64   5   5   1      0      8      1    -443.50    -431.78
 41       1    5  64   5   5   1      0      8      1    -444.94    -431.78
  0       1    5  64   5   5   1      0      8      1    -434.69    -431.78
