KB MULADD LAT PREF NB MU NU KU FFTCH IFTCH NFTCH GEN-MFLOP SPC-MFLOP
72 1 3 513 72 6 1 72 1 7 1 -5757.22 -4666.95
71 1 3 513 72 6 1 71 1 7 1 -5805.11 -4666.95
70 1 3 513 72 6 1 70 1 7 1 -5837.44 -4666.95
69 1 3 513 72 6 1 69 1 7 1 -5782.28 -4666.95
68 1 3 513 72 6 1 68 1 7 1 -5764.97 -4666.95
67 1 3 513 72 6 1 67 1 7 1 -5712.03 -4666.95
66 1 3 513 72 6 1 66 1 7 1 -5447.76 -4666.95
65 1 3 513 72 6 1 65 1 7 1 -5736.80 -4666.95
64 1 3 513 72 6 1 64 1 7 1 -5804.06 -4666.95
63 1 3 513 72 6 1 63 1 7 1 -5822.71 -4666.95
62 1 3 513 72 6 1 62 1 7 1 -5718.28 -4666.95
61 1 3 513 72 6 1 61 1 7 1 -5533.32 -4666.95
60 1 3 513 72 6 1 60 1 7 1 -5701.69 -4666.95
59 1 3 513 72 6 1 59 1 7 1 -5534.71 -4666.95
58 1 3 513 72 6 1 58 1 7 1 -5701.24 -4666.95
57 1 3 513 72 6 1 57 1 7 1 -5696.45 -4666.95
56 1 3 513 72 6 1 56 1 7 1 -5452.90 -4666.95
55 1 3 513 72 6 1 55 1 7 1 -5502.09 -4666.95
54 1 3 513 72 6 1 54 1 7 1 -5423.86 -4666.95
53 1 3 513 72 6 1 53 1 7 1 -5685.39 -4666.95
52 1 3 513 72 6 1 52 1 7 1 -5488.32 -4666.95
51 1 3 513 72 6 1 51 1 7 1 -5698.15 -4666.95
50 1 3 513 72 6 1 50 1 7 1 -5405.35 -4666.95
49 1 3 513 72 6 1 49 1 7 1 -5407.76 -4666.95
48 1 3 513 72 6 1 48 1 7 1 -5644.70 -4666.95
47 1 3 513 72 6 1 47 1 7 1 -5552.86 -4666.95
46 1 3 513 72 6 1 46 1 7 1 -5364.88 -4666.95
45 1 3 513 72 6 1 45 1 7 1 -5347.76 -4666.95
44 1 3 513 72 6 1 44 1 7 1 -5392.35 -4666.95
43 1 3 513 72 6 1 43 1 7 1 -5553.58 -4666.95
42 1 3 513 72 6 1 42 1 7 1 -5306.31 -4666.95
41 1 3 513 72 6 1 41 1 7 1 -5357.01 -4666.95
40 1 3 513 72 6 1 40 1 7 1 -5405.25 -4666.95
39 1 3 513 72 6 1 39 1 7 1 -5437.64 -4666.95
38 1 3 513 72 6 1 38 1 7 1 -5273.27 -4666.95
37 1 3 513 72 6 1 37 1 7 1 -5535.71 -4666.95
36 1 3 513 72 6 1 36 1 7 1 -5530.66 -4666.95
35 1 3 513 72 6 1 35 1 7 1 -5408.75 -4666.95
34 1 3 513 72 6 1 34 1 7 1 -5412.64 -4666.95
33 1 3 513 72 6 1 33 1 7 1 -5493.09 -4666.95
32 1 3 513 72 6 1 32 1 7 1 -5144.24 -4666.95
31 1 3 513 72 6 1 31 1 7 1 -5280.64 -4666.95
30 1 3 513 72 6 1 30 1 7 1 -5144.73 -4666.95
29 1 3 513 72 6 1 29 1 7 1 -5290.02 -4666.95
28 1 3 513 72 6 1 28 1 7 1 -5270.89 -4666.95
27 1 3 513 72 6 1 27 1 7 1 -5257.08 -4666.95
26 1 3 513 72 6 1 26 1 7 1 -5092.68 -4666.95
25 1 3 513 72 6 1 25 1 7 1 -5023.76 -4666.95
24 1 3 513 72 6 1 24 1 7 1 -5007.93 -4666.95
23 1 3 513 72 6 1 23 1 7 1 -5144.62 -4666.95
22 1 3 513 72 6 1 22 1 7 1 -4894.68 -4666.95
21 1 3 513 72 6 1 21 1 7 1 -4891.63 -4666.95
20 1 3 513 72 6 1 20 1 7 1 -4864.24 -4666.95
19 1 3 513 72 6 1 19 1 7 1 -4720.74 -4666.95
0 1 3 513 72 6 1 1 1 7 1 -4586.62 -4666.95
