KB MULADD LAT PREF NB MU NU KU FFTCH IFTCH NFTCH GEN-MFLOP SPC-MFLOP
60 1 3 513 60 6 2 60 0 7 1 -5314.82 -2810.57
59 1 3 513 60 6 2 59 0 7 1 -5514.03 -2807.55
58 1 3 513 60 6 2 58 0 7 1 -5573.98 -2879.51
57 1 3 513 60 6 2 57 0 7 1 -5236.22 -2838.09
56 1 3 513 60 6 2 56 0 7 1 -5255.37 -2926.60
55 1 3 513 60 6 2 55 0 7 1 -5261.00 -2900.29
54 1 3 513 60 6 2 54 0 7 1 -5277.62 -2967.11
53 1 3 513 60 6 2 53 0 7 1 -5334.55 -2511.04
52 1 3 513 60 6 2 52 0 7 1 -5288.36 -2511.04
51 1 3 513 60 6 2 51 0 7 1 -5247.62 -2511.04
50 1 3 513 60 6 2 50 0 7 1 -5478.67 -2511.04
49 1 3 513 60 6 2 49 0 7 1 -5210.28 -2511.04
48 1 3 513 60 6 2 48 0 7 1 -5282.99 -2598.94
47 1 3 513 60 6 2 47 0 7 1 -5213.81 -2535.08
46 1 3 513 60 6 2 46 0 7 1 -5266.85 -2617.50
45 1 3 513 60 6 2 45 0 7 1 -5207.66 -2574.30
44 1 3 513 60 6 2 44 0 7 1 -5200.92 -2621.66
43 1 3 513 60 6 2 43 0 7 1 -5393.19 -2600.44
42 1 3 513 60 6 2 42 0 7 1 -5091.23 -2690.91
41 1 3 513 60 6 2 41 0 7 1 -5211.52 -2637.59
40 1 3 513 60 6 2 40 0 7 1 -5214.30 -2731.33
39 1 3 513 60 6 2 39 0 7 1 -5340.37 -2674.43
38 1 3 513 60 6 2 38 0 7 1 -5340.49 -2767.54
37 1 3 513 60 6 2 37 0 7 1 -5088.25 -2774.61
36 1 3 513 60 6 2 36 0 7 1 -5119.09 -2838.88
35 1 3 513 60 6 2 35 0 7 1 -5133.63 -2511.04
34 1 3 513 60 6 2 34 0 7 1 -5087.32 -2511.04
33 1 3 513 60 6 2 33 0 7 1 -5065.57 -2511.04
32 1 3 513 60 6 2 32 0 7 1 -5088.17 -2511.04
31 1 3 513 60 6 2 31 0 7 1 -5052.55 -2511.04
30 1 3 513 60 6 2 30 0 7 1 -4981.55 -2511.04
29 1 3 513 60 6 2 29 0 7 1 -4971.28 -2511.04
28 1 3 513 60 6 2 28 0 7 1 -5190.51 -2511.04
27 1 3 513 60 6 2 27 0 7 1 -4936.92 -2511.04
26 1 3 513 60 6 2 26 0 7 1 -4874.19 -2511.04
25 1 3 513 60 6 2 25 0 7 1 -4879.06 -2511.04
24 1 3 513 60 6 2 24 0 7 1 -4879.08 -2511.04
23 1 3 513 60 6 2 23 0 7 1 -4708.62 -2511.04
22 1 3 513 60 6 2 22 0 7 1 -4932.04 -2511.04
21 1 3 513 60 6 2 21 0 7 1 -4749.82 -2511.04
20 1 3 513 60 6 2 20 0 7 1 -4729.95 -2511.04
19 1 3 513 60 6 2 19 0 7 1 -4664.37 -2511.04
18 1 3 513 60 6 2 18 0 7 1 -4644.72 -2511.04
17 1 3 513 60 6 2 17 0 7 1 -4545.95 -2511.04
16 1 3 513 60 6 2 16 0 7 1 -4545.97 -2511.04
15 1 3 513 60 6 2 15 0 7 1 -4643.83 -2511.04
14 1 3 513 60 6 2 14 0 7 1 -4392.12 -2511.04
13 1 3 513 60 6 2 13 0 7 1 -4451.56 -2511.04
12 1 3 513 60 6 2 12 0 7 1 -4228.98 -2511.04
11 1 3 513 60 6 2 11 0 7 1 -4271.59 -2511.04
10 1 3 513 60 6 2 10 0 7 1 -4153.55 -2511.04
9 1 3 513 60 6 2 9 0 7 1 -4004.06 -2511.04
8 1 3 513 60 6 2 8 0 7 1 -3727.16 -2511.04
7 1 3 513 60 6 2 7 0 7 1 -3602.50 -2511.04
6 1 3 513 60 6 2 6 0 7 1 -3338.35 -2511.04
5 1 3 513 60 6 2 5 0 7 1 -3141.47 -2511.04
4 1 3 513 60 6 2 4 0 7 1 -2771.91 -2511.04
0 1 3 513 60 6 2 1 0 7 1 -2291.88 -2511.04
