 KB  MULADD  LAT  NB  MU  NU  KU  FFTCH  IFTCH  NFTCH  GEN-MFLOP  SPC-MFLOP
 60       1    3  60   5   5   1      1     21      2    -321.24    -274.04
 59       1    3  60   5   5   1      1     21      2    -315.58    -274.04
 58       1    3  60   5   5   1      1     21      2    -317.88    -274.04
 57       1    3  60   5   5   1      1     21      2    -314.52    -274.04
 56       1    3  60   5   5   1      1     21      2    -310.83    -274.04
 55       1    3  60   5   5   1      1     21      2    -315.37    -274.04
 54       1    3  60   5   5   1      1     21      2    -312.18    -274.04
 53       1    3  60   5   5   1      1     21      2    -310.35    -274.04
 52       1    3  60   5   5   1      1     21      2    -312.38    -274.04
 51       1    3  60   5   5   1      1     21      2    -314.14    -274.04
 50       1    3  60   5   5   1      1     21      2    -316.03    -274.04
 49       1    3  60   5   5   1      1     21      2    -311.23    -274.04
 48       1    3  60   5   5   1      1     21      2    -303.79    -274.04
 47       1    3  60   5   5   1      1     21      2    -312.68    -274.04
 46       1    3  60   5   5   1      1     21      2    -313.69    -274.04
 45       1    3  60   5   5   1      1     21      2    -308.09    -274.04
 44       1    3  60   5   5   1      1     21      2    -312.99    -274.04
 43       1    3  60   5   5   1      1     21      2    -311.34    -274.04
 42       1    3  60   5   5   1      1     21      2    -310.99    -274.04
 41       1    3  60   5   5   1      1     21      2    -311.45    -274.04
 40       1    3  60   5   5   1      1     21      2    -301.70    -274.04
 39       1    3  60   5   5   1      1     21      2    -305.01    -274.04
 38       1    3  60   5   5   1      1     21      2    -307.25    -274.04
 37       1    3  60   5   5   1      1     21      2    -305.21    -274.04
 36       1    3  60   5   5   1      1     21      2    -306.00    -274.04
 35       1    3  60   5   5   1      1     21      2    -304.54    -274.04
 34       1    3  60   5   5   1      1     21      2    -305.07    -274.04
 33       1    3  60   5   5   1      1     21      2    -304.34    -274.04
 32       1    3  60   5   5   1      1     21      2    -288.23    -274.04
 31       1    3  60   5   5   1      1     21      2    -299.24    -274.04
 30       1    3  60   5   5   1      1     21      2    -300.19    -274.04
 29       1    3  60   5   5   1      1     21      2    -295.65    -274.04
 28       1    3  60   5   5   1      1     21      2    -295.02    -274.04
 27       1    3  60   5   5   1      1     21      2    -291.65    -274.04
 26       1    3  60   5   5   1      1     21      2    -288.95    -274.04
 25       1    3  60   5   5   1      1     21      2    -285.61    -274.04
 24       1    3  60   5   5   1      1     21      2    -281.35    -274.04
 23       1    3  60   5   5   1      1     21      2    -284.78    -274.04
 22       1    3  60   5   5   1      1     21      2    -283.08    -274.04
  0       1    3  60   5   5   1      1     21      2    -275.48    -274.04
