MULT  ICASE  FIXED  NB
48
   2    151      2 100
   6    149      2 100
   8    148      2 100
  10    147      2 100
  12    146      2 100
  14    145      2 100
  16    144      2 100
  18    143      2 100
  20    142      2 100
  22    141      2 100
  24    140      2 100
  26    139      2 100
  28    138      2 100
  30    137      2 100
  32    136      2 100
  34    135      2 100
  36    134      2 100
  38    133      2 100
  40    132      2 100
  42    131      2 100
  44    130      2 100
  46    129      2 100
  48    128      2 100
  50    127      2 100
  52    126      2 100
  54    125      2 100
  56    124      2 100
  58    123      2 100
  60    122      2 100
  62    121      2 100
  64    120      2 100
  66    119      2 100
  68    118      2 100
  70    117      2 100
  72    116      2 100
  74    115      2 100
  76    114      2 100
  78    113      2 100
  80    112      2 100
  82    111      2 100
  84    110      2 100
  86    109      2 100
  88    108      2 100
  90    107      2 100
  92    106      2 100
  94    105      2 100
  96    104      2 100
  98    103      2 100
