MULT ICASE FIXED NB
44
2 151 2 90
4 150 2 90
6 149 2 90
8 148 2 90
10 147 2 90
12 146 2 90
14 145 2 90
16 144 2 90
18 143 2 90
20 142 2 90
22 141 2 90
24 140 2 90
26 139 2 90
28 138 2 90
30 137 2 90
32 136 2 90
34 135 2 90
36 134 2 90
38 133 2 90
40 132 2 90
42 131 2 90
44 130 2 90
46 129 2 90
48 128 2 90
50 127 2 90
52 126 2 90
54 125 2 90
56 124 2 90
58 123 2 90
60 122 2 90
62 121 2 90
64 120 2 90
66 119 2 90
68 118 2 90
70 117 2 90
72 116 2 90
74 115 2 90
76 114 2 90
78 113 2 90
80 112 2 90
82 111 2 90
84 110 2 90
86 109 2 90
88 108 2 90
