KB MULADD LAT PREF NB MU NU KU FFTCH IFTCH NFTCH GEN-MFLOP SPC-MFLOP
20 1 4 0 20 8 1 1 1 4 1 -618.21 -521.77
19 1 4 0 20 8 1 1 1 4 1 -613.14 -521.77
18 1 4 0 20 8 1 1 1 4 1 -612.52 -521.77
17 1 4 0 20 8 1 1 1 4 1 -610.47 -521.77
16 1 4 0 20 8 1 1 1 4 1 -613.78 -521.77
15 1 4 0 20 8 1 1 1 4 1 -608.92 -521.77
14 1 4 0 20 8 1 1 1 4 1 -599.92 -521.77
13 1 4 0 20 8 1 1 1 4 1 -595.52 -521.77
12 1 4 0 20 8 1 1 1 4 1 -591.18 -521.77
11 1 4 0 20 8 1 1 1 4 1 -584.41 -521.77
10 1 4 0 20 8 1 1 1 4 1 -571.92 -521.77
9 1 4 0 20 8 1 1 1 4 1 -561.99 -521.77
8 1 4 0 20 8 1 1 1 4 1 -544.68 -521.77
7 1 4 0 20 8 1 1 1 4 1 -528.81 -521.77
0 1 4 0 20 8 1 1 1 4 1 -510.44 -521.77
