KB MULADD LAT PREF NB MU NU KU FFTCH IFTCH NFTCH GEN-MFLOP SPC-MFLOP
16 1 10 0 16 2 14 1 0 9 6 -720.12 -621.80
15 1 10 0 16 2 14 1 0 9 6 -714.93 -621.80
14 1 10 0 16 2 14 1 0 9 6 -707.23 -621.80
13 1 10 0 16 2 14 1 0 9 6 -699.69 -621.80
12 1 10 0 16 2 14 1 0 9 6 -690.90 -621.80
11 1 10 0 16 2 14 1 0 9 6 -700.18 -621.80
10 1 10 0 16 2 14 1 0 9 6 -682.97 -621.80
9 1 10 0 16 2 14 1 0 9 6 -675.48 -621.80
8 1 10 0 16 2 14 1 0 9 6 -658.03 -621.80
7 1 10 0 16 2 14 1 0 9 6 -636.98 -621.80
0 1 10 0 16 2 14 1 0 9 6 -616.21 -621.80
