KB MULADD LAT PREF NB MU NU KU FFTCH IFTCH NFTCH GEN-MFLOP SPC-MFLOP
80 1 9 1 80 6 1 80 1 7 1 -2316.10 -2237.98
79 1 9 1 80 6 1 79 1 7 1 -2371.91 -2241.84
78 1 9 1 80 6 1 78 1 7 1 -2443.46 -2280.99
77 1 9 1 80 6 1 77 1 7 1 -2357.33 -2278.84
76 1 9 1 80 6 1 76 1 7 1 -2449.08 -2261.79
75 1 9 1 80 6 1 75 1 7 1 -2438.23 -2274.03
74 1 9 1 80 6 1 74 1 7 1 -2424.56 -2228.80
73 1 9 1 80 6 1 73 1 7 1 -2421.68 -2238.22
72 1 9 1 80 6 1 72 1 7 1 -2439.95 -2243.77
71 1 9 1 80 6 1 71 1 7 1 -2426.12 -2234.49
70 1 9 1 80 6 1 70 1 7 1 -2429.58 -2249.67
69 1 9 1 80 6 1 69 1 7 1 -2410.61 -2228.87
68 1 9 1 80 6 1 68 1 7 1 -2459.26 -2229.02
67 1 9 1 80 6 1 67 1 7 1 -2450.01 -2251.88
66 1 9 1 80 6 1 66 1 7 1 -2445.03 -2207.12
65 1 9 1 80 6 1 65 1 7 1 -2401.71 -2214.12
64 1 9 1 80 6 1 64 1 7 1 -2256.38 -2221.47
63 1 9 1 80 6 1 63 1 7 1 -2351.26 -2171.96
62 1 9 1 80 6 1 62 1 7 1 -2396.67 -2254.43
61 1 9 1 80 6 1 61 1 7 1 -2387.53 -2236.83
60 1 9 1 80 6 1 60 1 7 1 -2429.32 -2269.08
59 1 9 1 80 6 1 59 1 7 1 -2412.76 -2236.30
58 1 9 1 80 6 1 58 1 7 1 -2363.10 -2242.54
57 1 9 1 80 6 1 57 1 7 1 -2421.47 -2253.23
56 1 9 1 80 6 1 56 1 7 1 -2449.36 -2256.76
55 1 9 1 80 6 1 55 1 7 1 -2435.11 -2255.06
54 1 9 1 80 6 1 54 1 7 1 -2372.74 -2271.77
53 1 9 1 80 6 1 53 1 7 1 -2426.14 -2229.16
52 1 9 1 80 6 1 52 1 7 1 -2389.08 -2253.28
51 1 9 1 80 6 1 51 1 7 1 -2448.93 -2252.10
50 1 9 1 80 6 1 50 1 7 1 -2433.85 -2210.21
49 1 9 1 80 6 1 49 1 7 1 -2439.70 -2190.17
48 1 9 1 80 6 1 48 1 7 1 -2442.84 -2287.30
47 1 9 1 80 6 1 47 1 7 1 -2441.06 -2269.37
46 1 9 1 80 6 1 46 1 7 1 -2389.93 -2271.41
45 1 9 1 80 6 1 45 1 7 1 -2446.23 -2314.10
44 1 9 1 80 6 1 44 1 7 1 -2440.89 -2285.80
43 1 9 1 80 6 1 43 1 7 1 -2459.22 -2246.51
42 1 9 1 80 6 1 42 1 7 1 -2431.66 -2247.01
41 1 9 1 80 6 1 41 1 7 1 -2443.60 -2259.07
40 1 9 1 80 6 1 40 1 7 1 -2402.52 -2227.42
39 1 9 1 80 6 1 39 1 7 1 -2480.35 -2274.21
38 1 9 1 80 6 1 38 1 7 1 -2465.38 -2238.84
37 1 9 1 80 6 1 37 1 7 1 -2442.12 -2236.05
36 1 9 1 80 6 1 36 1 7 1 -2452.50 -2232.03
35 1 9 1 80 6 1 35 1 7 1 -2388.88 -2217.23
34 1 9 1 80 6 1 34 1 7 1 -2371.05 -2178.61
33 1 9 1 80 6 1 33 1 7 1 -2416.21 -2145.13
32 1 9 1 80 6 1 32 1 7 1 -2405.13 -2209.11
31 1 9 1 80 6 1 31 1 7 1 -2406.36 -2247.20
30 1 9 1 80 6 1 30 1 7 1 -2400.17 -2271.38
29 1 9 1 80 6 1 29 1 7 1 -2428.59 -2215.75
28 1 9 1 80 6 1 28 1 7 1 -2326.35 -2238.42
27 1 9 1 80 6 1 27 1 7 1 -2404.37 -2194.47
26 1 9 1 80 6 1 26 1 7 1 -2415.00 -2168.26
25 1 9 1 80 6 1 25 1 7 1 -2340.86 -2168.36
24 1 9 1 80 6 1 24 1 7 1 -2345.63 -2144.79
23 1 9 1 80 6 1 23 1 7 1 -2309.06 -2153.29
22 1 9 1 80 6 1 22 1 7 1 -2250.28 -2138.42
21 1 9 1 80 6 1 21 1 7 1 -2381.26 -2109.35
20 1 9 1 80 6 1 20 1 7 1 -2342.04 -2052.65
19 1 9 1 80 6 1 19 1 7 1 -2343.40 -1962.50
18 1 9 1 80 6 1 18 1 7 1 -2259.51 -2026.64
17 1 9 1 80 6 1 17 1 7 1 -2265.52 -2010.58
16 1 9 1 80 6 1 16 1 7 1 -2166.83 -2042.40
15 1 9 1 80 6 1 15 1 7 1 -2243.39 -2011.48
14 1 9 1 80 6 1 14 1 7 1 -2240.58 -1997.67
13 1 9 1 80 6 1 13 1 7 1 -2239.70 -1924.90
12 1 9 1 80 6 1 12 1 7 1 -2126.07 -1937.03
11 1 9 1 80 6 1 11 1 7 1 -2117.16 -1847.04
10 1 9 1 80 6 1 10 1 7 1 -2011.85 -1821.28
9 1 9 1 80 6 1 9 1 7 1 -2047.61 -1776.97
8 1 9 1 80 6 1 8 1 7 1 -1975.24 -1776.97
7 1 9 1 80 6 1 7 1 7 1 -1936.15 -1776.97
0 1 9 1 80 6 1 1 1 7 1 -1743.01 -1776.97
