 KB  MULADD  LAT  NB  MU  NU  KU  FFTCH  IFTCH  NFTCH  GEN-MFLOP  SPC-MFLOP
 32       0    3  32   4   1  32      0      3      1    -141.05     -27.69
 31       0    3  32   4   1  31      0      3      1    -140.67     -27.70
 30       0    3  32   4   1  30      0      3      1    -140.59     -27.76
 29       0    3  32   4   1  29      0      3      1    -137.40     -27.55
 28       0    3  32   4   1  28      0      3      1    -137.38     -27.31
 27       0    3  32   4   1  27      0      3      1    -137.36     -27.46
 26       0    3  32   4   1  26      0      3      1    -137.47     -27.31
 25       0    3  32   4   1  25      0      3      1    -135.70     -27.05
 24       0    3  32   4   1  24      0      3      1    -136.65     -26.82
 23       0    3  32   4   1  23      0      3      1    -135.94     -26.86
 22       0    3  32   4   1  22      0      3      1    -136.70     -26.82
 21       0    3  32   4   1  21      0      3      1    -132.93     -26.57
 20       0    3  32   4   1  20      0      3      1    -132.00     -26.20
 19       0    3  32   4   1  19      0      3      1    -130.38     -26.21
 18       0    3  32   4   1  18      0      3      1    -131.29     -26.12
 17       0    3  32   4   1  17      0      3      1    -128.47     -25.77
 16       0    3  32   4   1  16      0      3      1    -126.90     -25.36
 15       0    3  32   4   1  15      0      3      1    -125.88     -25.20
 14       0    3  32   4   1  14      0      3      1    -127.07     -25.07
 13       0    3  32   4   1  13      0      3      1    -124.58     -24.40
 12       0    3  32   4   1  12      0      3      1    -120.17     -24.47
 11       0    3  32   4   1  11      0      3      1    -117.79     -23.67
 10       0    3  32   4   1  10      0      3      1    -116.80     -23.23
  9       0    3  32   4   1   9      0      3      1    -111.54     -22.37
  8       0    3  32   4   1   8      0      3      1    -106.23     -22.91
  7       0    3  32   4   1   7      0      3      1    -103.31     -21.83
  6       0    3  32   4   1   6      0      3      1     -99.98     -21.83
  5       0    3  32   4   1   5      0      3      1    -105.48     -21.83
  4       0    3  32   4   1   4      0      3      1     -96.74     -21.83
  3       0    3  32   4   1   3      0      3      1     -86.68     -21.83
  2       0    3  32   4   1   2      0      3      1     -66.39     -37.71
  1       0    3  32   4   1   1      0      3      1     -34.40     -21.83
  0       0    4  32   4   1   1      0      3      1     -34.40     -21.83
