KB MULADD LAT NB MU NU KU FFTCH IFTCH NFTCH GEN-MFLOP SPC-MFLOP
60 1 4 60 3 1 1 0 3 1 -1186.60 -461.60
59 1 4 60 3 1 1 0 3 1 -827.11 -461.60
58 1 4 60 3 1 1 0 3 1 -979.00 -461.60
57 1 4 60 3 1 1 0 3 1 -813.66 -461.60
56 1 4 60 3 1 1 0 3 1 -1361.95 -461.60
55 1 4 60 3 1 1 0 3 1 -807.20 -461.60
54 1 4 60 3 1 1 0 3 1 -941.00 -461.60
53 1 4 60 3 1 1 0 3 1 -810.20 -461.60
52 1 4 60 3 1 1 0 3 1 -1146.12 -461.60
51 1 4 60 3 1 1 0 3 1 -799.87 -461.60
50 1 4 60 3 1 1 0 3 1 -941.29 -461.60
49 1 4 60 3 1 1 0 3 1 -783.74 -461.60
48 1 4 60 3 1 1 0 3 1 -1288.63 -461.60
47 1 4 60 3 1 1 0 3 1 -798.72 -461.60
46 1 4 60 3 1 1 0 3 1 -941.48 -461.60
45 1 4 60 3 1 1 0 3 1 -777.63 -461.60
44 1 4 60 3 1 1 0 3 1 -1132.93 -461.60
43 1 4 60 3 1 1 0 3 1 -749.64 -461.60
42 1 4 60 3 1 1 0 3 1 -874.34 -461.60
41 1 4 60 3 1 1 0 3 1 -736.35 -461.60
40 1 4 60 3 1 1 0 3 1 -1328.14 -461.60
39 1 4 60 3 1 1 0 3 1 -750.30 -461.60
38 1 4 60 3 1 1 0 3 1 -865.42 -461.60
37 1 4 60 3 1 1 0 3 1 -715.24 -461.60
36 1 4 60 3 1 1 0 3 1 -1015.64 -461.60
35 1 4 60 3 1 1 0 3 1 -683.18 -461.60
34 1 4 60 3 1 1 0 3 1 -795.40 -461.60
33 1 4 60 3 1 1 0 3 1 -669.87 -461.60
32 1 4 60 3 1 1 0 3 1 -1074.31 -461.60
31 1 4 60 3 1 1 0 3 1 -674.98 -461.60
30 1 4 60 3 1 1 0 3 1 -770.60 -461.60
29 1 4 60 3 1 1 0 3 1 -643.63 -461.60
28 1 4 60 3 1 1 0 3 1 -922.73 -461.60
27 1 4 60 3 1 1 0 3 1 -600.28 -461.60
26 1 4 60 3 1 1 0 3 1 -705.90 -461.60
25 1 4 60 3 1 1 0 3 1 -575.77 -461.60
24 1 4 60 3 1 1 0 3 1 -943.03 -461.60
23 1 4 60 3 1 1 0 3 1 -583.80 -461.60
22 1 4 60 3 1 1 0 3 1 -644.26 -461.60
21 1 4 60 3 1 1 0 3 1 -547.87 -461.60
20 1 4 60 3 1 1 0 3 1 -803.93 -461.60
19 1 4 60 3 1 1 0 3 1 -542.64 -461.60
18 1 4 60 3 1 1 0 3 1 -568.26 -461.60
17 1 4 60 3 1 1 0 3 1 -540.91 -461.60
16 1 4 60 3 1 1 0 3 1 -870.10 -461.60
15 1 4 60 3 1 1 0 3 1 -534.00 -461.60
14 1 4 60 3 1 1 0 3 1 -529.35 -461.60
13 1 4 60 3 1 1 0 3 1 -529.22 -461.60
12 1 4 60 3 1 1 0 3 1 -629.83 -461.60
11 1 4 60 3 1 1 0 3 1 -520.96 -461.60
10 1 4 60 3 1 1 0 3 1 -519.47 -461.60
9 1 4 60 3 1 1 0 3 1 -516.26 -461.60
8 1 4 60 3 1 1 0 3 1 -511.70 -461.60
7 1 4 60 3 1 1 0 3 1 -499.60 -461.60
6 1 4 60 3 1 1 0 3 1 -486.59 -461.60
5 1 4 60 3 1 1 0 3 1 -474.24 -461.60
0 1 4 60 3 1 1 0 3 1 -462.64 -461.60
