KB MULADD LAT PREF NB MU NU KU FFTCH IFTCH NFTCH GEN-MFLOP SPC-MFLOP
56 1 10 0 56 2 4 56 1 3 3 -8865.93 -8731.00
55 1 10 0 56 2 4 55 1 3 3 -8933.33 -8753.69
54 1 10 0 56 2 4 54 1 3 3 -8961.30 -8816.43
53 1 10 0 56 2 4 53 1 3 3 -8943.45 -8750.55
52 1 10 0 56 2 4 52 1 3 3 -8926.07 -8729.80
51 1 10 0 56 2 4 51 1 3 3 -8950.43 -8744.67
50 1 10 0 56 2 4 50 1 3 3 -8939.35 -8776.74
49 1 10 0 56 2 4 49 1 3 3 -8950.47 -8716.47
48 1 10 0 56 2 4 48 1 3 3 -8887.68 -8699.26
47 1 10 0 56 2 4 47 1 3 3 -8928.53 -8736.86
46 1 10 0 56 2 4 46 1 3 3 -8934.87 -8767.07
45 1 10 0 56 2 4 45 1 3 3 -8930.86 -8718.78
44 1 10 0 56 2 4 44 1 3 3 -8913.27 -8708.15
43 1 10 0 56 2 4 43 1 3 3 -8898.86 -8747.17
42 1 10 0 56 2 4 42 1 3 3 -8919.83 -8737.17
41 1 10 0 56 2 4 41 1 3 3 -8916.70 -8711.24
40 1 10 0 56 2 4 40 1 3 3 -8871.51 -8711.24
39 1 10 0 56 2 4 39 1 3 3 -8893.09 -8701.45
38 1 10 0 56 2 4 38 1 3 3 -8902.87 -8725.24
37 1 10 0 56 2 4 37 1 3 3 -8879.44 -8673.66
36 1 10 0 56 2 4 36 1 3 3 -8890.21 -8679.31
35 1 10 0 56 2 4 35 1 3 3 -8860.67 -8704.36
34 1 10 0 56 2 4 34 1 3 3 -8825.54 -8696.23
33 1 10 0 56 2 4 33 1 3 3 -8833.62 -8623.45
0 1 10 0 56 2 4 12 1 3 3 -8646.83 -8583.28
