KB MULADD LAT PREF NB MU NU KU FFTCH IFTCH NFTCH GEN-MFLOP SPC-MFLOP
40 1 10 0 40 3 3 40 1 6 1 -7531.40 -5509.00
39 1 10 0 40 3 3 39 1 6 1 -7740.32 -6268.61
38 1 10 0 40 3 3 38 1 6 1 -7786.75 -6216.45
37 1 10 0 40 3 3 37 1 6 1 -7781.71 -6192.79
36 1 10 0 40 3 3 36 1 6 1 -7649.77 -6124.05
35 1 10 0 40 3 3 35 1 6 1 -7735.70 -6072.69
34 1 10 0 40 3 3 34 1 6 1 -7721.37 -6018.27
33 1 10 0 40 3 3 33 1 6 1 -7609.98 -5948.44
32 1 10 0 40 3 3 32 1 6 1 -7445.43 -5806.06
31 1 10 0 40 3 3 31 1 6 1 -7636.09 -5814.18
30 1 10 0 40 3 3 30 1 6 1 -7763.56 -5756.53
29 1 10 0 40 3 3 29 1 6 1 -7678.54 -5665.51
28 1 10 0 40 3 3 28 1 6 1 -7693.14 -5607.33
27 1 10 0 40 3 3 27 1 6 1 -7778.09 -5582.36
26 1 10 0 40 3 3 26 1 6 1 -7567.16 -5576.02
25 1 10 0 40 3 3 25 1 6 1 -7680.87 -5509.00
24 1 10 0 40 3 3 24 1 6 1 -7391.35 -5509.00
23 1 10 0 40 3 3 23 1 6 1 -7351.42 -5509.00
22 1 10 0 40 3 3 22 1 6 1 -7377.73 -5509.00
21 1 10 0 40 3 3 21 1 6 1 -7345.52 -5509.00
20 1 10 0 40 3 3 20 1 6 1 -7283.60 -5509.00
19 1 10 0 40 3 3 19 1 6 1 -7409.76 -5509.00
18 1 10 0 40 3 3 18 1 6 1 -7371.31 -5509.00
17 1 10 0 40 3 3 17 1 6 1 -7390.15 -5509.00
16 1 10 0 40 3 3 16 1 6 1 -7396.81 -5509.00
15 1 10 0 40 3 3 15 1 6 1 -7313.68 -5509.00
14 1 10 0 40 3 3 14 1 6 1 -7323.48 -5509.00
13 1 10 0 40 3 3 13 1 6 1 -7251.77 -5509.00
12 1 10 0 40 3 3 12 1 6 1 -7062.09 -5509.00
11 1 10 0 40 3 3 11 1 6 1 -6997.48 -5617.14
10 1 10 0 40 3 3 10 1 6 1 -6839.06 -5509.00
9 1 10 0 40 3 3 9 1 6 1 -6738.94 -5509.00
8 1 10 0 40 3 3 8 1 6 1 -6559.63 -5509.00
7 1 10 0 40 3 3 7 1 6 1 -6174.70 -5509.00
6 1 10 0 40 3 3 6 1 6 1 -6021.86 -5509.00
5 1 10 0 40 3 3 5 1 6 1 -6148.72 -5509.00
0 1 10 0 40 3 3 1 1 6 1 -5486.38 -5509.00
