KB MULADD LAT PREF NB MU NU KU FFTCH IFTCH NFTCH GEN-MFLOP SPC-MFLOP
60 1 10 0 60 3 3 60 0 5 1 -9170.28 -9078.86
59 1 10 0 60 3 3 59 0 5 1 -9455.07 -9028.89
58 1 10 0 60 3 3 58 0 5 1 -9436.05 -9001.59
57 1 10 0 60 3 3 57 0 5 1 -9433.33 -9112.57
56 1 10 0 60 3 3 56 0 5 1 -8999.30 -8881.22
55 1 10 0 60 3 3 55 0 5 1 -9462.42 -9086.61
54 1 10 0 60 3 3 54 0 5 1 -9510.85 -9024.62
53 1 10 0 60 3 3 53 0 5 1 -9515.80 -9109.69
52 1 10 0 60 3 3 52 0 5 1 -9560.82 -9039.77
51 1 10 0 60 3 3 51 0 5 1 -9544.68 -9075.24
50 1 10 0 60 3 3 50 0 5 1 -9618.51 -9020.82
49 1 10 0 60 3 3 49 0 5 1 -9563.25 -9088.63
48 1 10 0 60 3 3 48 0 5 1 -9163.79 -8877.79
47 1 10 0 60 3 3 47 0 5 1 -9569.05 -8987.85
46 1 10 0 60 3 3 46 0 5 1 -9532.30 -8946.26
45 1 10 0 60 3 3 45 0 5 1 -9556.29 -8931.67
44 1 10 0 60 3 3 44 0 5 1 -9516.84 -8847.63
43 1 10 0 60 3 3 43 0 5 1 -9576.09 -8905.20
42 1 10 0 60 3 3 42 0 5 1 -9148.42 -8935.33
0 1 10 0 60 3 3 24 0 5 1 -9132.51 -9230.45
