KB MULADD LAT PREF NB MU NU KU FFTCH IFTCH NFTCH GEN-MFLOP SPC-MFLOP
78 1 10 0 78 2 4 16 0 5 1 -7741.15 -7535.27
77 1 10 0 78 2 4 16 0 5 1 -7794.12 -7535.27
76 1 10 0 78 2 4 16 0 5 1 -7779.15 -7535.27
75 1 10 0 78 2 4 16 0 5 1 -7776.68 -7535.27
74 1 10 0 78 2 4 16 0 5 1 -7768.39 -7535.27
73 1 10 0 78 2 4 16 0 5 1 -7753.18 -7535.27
72 1 10 0 78 2 4 16 0 5 1 -7792.87 -7535.27
71 1 10 0 78 2 4 16 0 5 1 -7724.74 -7535.27
70 1 10 0 78 2 4 16 0 5 1 -7679.37 -7535.27
69 1 10 0 78 2 4 16 0 5 1 -7711.69 -7535.27
68 1 10 0 78 2 4 16 0 5 1 -7707.30 -7535.27
67 1 10 0 78 2 4 16 0 5 1 -7695.35 -7535.27
66 1 10 0 78 2 4 16 0 5 1 -7692.72 -7535.27
65 1 10 0 78 2 4 16 0 5 1 -7672.38 -7535.27
64 1 10 0 78 2 4 16 0 5 1 -7652.95 -7535.27
0 1 10 0 78 2 4 12 0 5 1 -7258.95 -7535.27
