KB MULADD LAT PREF NB MU NU KU FFTCH IFTCH NFTCH GEN-MFLOP SPC-MFLOP
56 1 5 0 56 2 14 2 1 9 5 -10421.37 -10137.03
55 1 5 0 56 2 14 2 1 9 5 -10537.24 -10137.03
54 1 5 0 56 2 14 2 1 9 5 -10483.29 -10137.03
53 1 5 0 56 2 14 2 1 9 5 -10530.88 -10137.03
52 1 5 0 56 2 14 2 1 9 5 -10371.14 -10137.03
51 1 5 0 56 2 14 2 1 9 5 -10427.07 -10137.03
50 1 5 0 56 2 14 2 1 9 5 -10453.96 -10137.03
49 1 5 0 56 2 14 2 1 9 5 -10298.03 -10137.03
48 1 5 0 56 2 14 2 1 9 5 -10247.98 -10137.03
47 1 5 0 56 2 14 2 1 9 5 -10363.84 -10137.03
46 1 5 0 56 2 14 2 1 9 5 -10343.83 -10137.03
45 1 5 0 56 2 14 2 1 9 5 -10360.15 -10137.03
0 1 5 0 56 2 14 2 1 9 5 -10112.72 -10137.03
