KB MULADD LAT PREF NB MU NU KU FFTCH IFTCH NFTCH GEN-MFLOP SPC-MFLOP
48 1 12 1 48 7 3 48 1 6 1 -4088.62 -3596.34
47 1 12 1 48 7 3 47 1 6 1 -4039.15 -3596.34
46 1 12 1 48 7 3 46 1 6 1 -3947.29 -3596.34
45 1 12 1 48 7 3 45 1 6 1 -4005.15 -3596.34
44 1 12 1 48 7 3 44 1 6 1 -3991.46 -3596.34
43 1 12 1 48 7 3 43 1 6 1 -4043.65 -3596.34
42 1 12 1 48 7 3 42 1 6 1 -3983.54 -3596.34
41 1 12 1 48 7 3 41 1 6 1 -4006.88 -3596.34
40 1 12 1 48 7 3 40 1 6 1 -4099.26 -3596.34
39 1 12 1 48 7 3 39 1 6 1 -3954.45 -3596.34
38 1 12 1 48 7 3 38 1 6 1 -3958.34 -3596.34
37 1 12 1 48 7 3 37 1 6 1 -3977.10 -3596.34
36 1 12 1 48 7 3 36 1 6 1 -3964.62 -3596.34
35 1 12 1 48 7 3 35 1 6 1 -3946.76 -3596.34
34 1 12 1 48 7 3 34 1 6 1 -3925.52 -3596.34
33 1 12 1 48 7 3 33 1 6 1 -4038.38 -3596.34
32 1 12 1 48 7 3 32 1 6 1 -4085.59 -3596.34
31 1 12 1 48 7 3 31 1 6 1 -3985.98 -3596.34
30 1 12 1 48 7 3 30 1 6 1 -4014.49 -3596.34
29 1 12 1 48 7 3 29 1 6 1 -4033.03 -3596.34
28 1 12 1 48 7 3 28 1 6 1 -4015.95 -3596.34
27 1 12 1 48 7 3 27 1 6 1 -4042.53 -3596.34
26 1 12 1 48 7 3 26 1 6 1 -4023.69 -3596.34
25 1 12 1 48 7 3 25 1 6 1 -3994.00 -3596.34
24 1 12 1 48 7 3 24 1 6 1 -3983.57 -3596.34
23 1 12 1 48 7 3 23 1 6 1 -3950.97 -3596.34
22 1 12 1 48 7 3 22 1 6 1 -3943.39 -3596.34
21 1 12 1 48 7 3 21 1 6 1 -3949.11 -3596.34
20 1 12 1 48 7 3 20 1 6 1 -3948.51 -3596.34
19 1 12 1 48 7 3 19 1 6 1 -3938.21 -3596.34
18 1 12 1 48 7 3 18 1 6 1 -3872.65 -3596.34
17 1 12 1 48 7 3 17 1 6 1 -3896.19 -3596.34
16 1 12 1 48 7 3 16 1 6 1 -3815.86 -3596.34
15 1 12 1 48 7 3 15 1 6 1 -3813.49 -3596.34
14 1 12 1 48 7 3 14 1 6 1 -3780.87 -3596.34
13 1 12 1 48 7 3 13 1 6 1 -3781.46 -3596.34
12 1 12 1 48 7 3 12 1 6 1 -3696.10 -3596.34
11 1 12 1 48 7 3 11 1 6 1 -3663.56 -3596.34
0 1 12 1 48 7 3 1 1 6 1 -3566.31 -3596.34
