KB MULADD LAT PREF NB MU NU KU FFTCH IFTCH NFTCH GEN-MFLOP SPC-MFLOP
72 1 7 1 72 6 1 72 0 3 1 -6612.99 -6324.66
71 1 7 1 72 6 1 71 0 3 1 -6594.17 -6336.91
70 1 7 1 72 6 1 70 0 3 1 -6616.91 -6330.23
69 1 7 1 72 6 1 69 0 3 1 -6609.98 -6324.51
68 1 7 1 72 6 1 68 0 3 1 -6615.69 -6289.47
67 1 7 1 72 6 1 67 0 3 1 -6594.91 -6317.69
66 1 7 1 72 6 1 66 0 3 1 -6619.79 -6310.06
65 1 7 1 72 6 1 65 0 3 1 -6605.10 -6316.77
64 1 7 1 72 6 1 64 0 3 1 -6481.30 -6142.65
63 1 7 1 72 6 1 63 0 3 1 -6608.55 -6298.75
62 1 7 1 72 6 1 62 0 3 1 -6626.28 -6300.73
61 1 7 1 72 6 1 61 0 3 1 -6598.17 -6281.92
60 1 7 1 72 6 1 60 0 3 1 -6598.76 -6275.72
59 1 7 1 72 6 1 59 0 3 1 -6592.29 -6279.78
58 1 7 1 72 6 1 58 0 3 1 -6616.07 -6267.10
57 1 7 1 72 6 1 57 0 3 1 -6613.56 -6263.87
56 1 7 1 72 6 1 56 0 3 1 -6613.46 -6234.44
55 1 7 1 72 6 1 55 0 3 1 -6594.36 -6261.86
54 1 7 1 72 6 1 54 0 3 1 -6617.57 -6274.79
53 1 7 1 72 6 1 53 0 3 1 -6611.90 -6266.98
52 1 7 1 72 6 1 52 0 3 1 -6619.28 -6237.54
51 1 7 1 72 6 1 51 0 3 1 -6587.76 -6224.89
50 1 7 1 72 6 1 50 0 3 1 -6602.05 -6214.56
49 1 7 1 72 6 1 49 0 3 1 -6600.70 -6219.65
48 1 7 1 72 6 1 48 0 3 1 -6480.49 -6056.97
47 1 7 1 72 6 1 47 0 3 1 -6568.38 -6179.95
46 1 7 1 72 6 1 46 0 3 1 -6606.29 -6195.61
45 1 7 1 72 6 1 45 0 3 1 -6604.17 -6179.11
44 1 7 1 72 6 1 44 0 3 1 -6607.64 -6164.81
43 1 7 1 72 6 1 43 0 3 1 -6611.10 -6162.29
42 1 7 1 72 6 1 42 0 3 1 -6617.72 -6149.80
41 1 7 1 72 6 1 41 0 3 1 -6613.74 -6145.19
40 1 7 1 72 6 1 40 0 3 1 -6612.74 -6123.65
39 1 7 1 72 6 1 39 0 3 1 -6573.54 -6113.77
38 1 7 1 72 6 1 38 0 3 1 -6619.64 -6124.44
37 1 7 1 72 6 1 37 0 3 1 -6622.15 -6089.76
36 1 7 1 72 6 1 36 0 3 1 -6624.30 -6077.73
35 1 7 1 72 6 1 35 0 3 1 -6593.49 -6066.66
34 1 7 1 72 6 1 34 0 3 1 -6621.36 -6052.13
33 1 7 1 72 6 1 33 0 3 1 -6604.11 -6033.26
32 1 7 1 72 6 1 32 0 3 1 -6473.12 -5866.16
31 1 7 1 72 6 1 31 0 3 1 -6592.40 -6001.23
30 1 7 1 72 6 1 30 0 3 1 -6619.29 -5979.78
29 1 7 1 72 6 1 29 0 3 1 -6616.48 -5970.52
28 1 7 1 72 6 1 28 0 3 1 -6619.48 -5968.59
27 1 7 1 72 6 1 27 0 3 1 -6628.31 -5951.30
26 1 7 1 72 6 1 26 0 3 1 -6578.95 -5887.81
25 1 7 1 72 6 1 25 0 3 1 -6618.02 -5862.63
24 1 7 1 72 6 1 24 0 3 1 -6616.06 -5832.55
23 1 7 1 72 6 1 23 0 3 1 -6626.10 -5802.96
22 1 7 1 72 6 1 22 0 3 1 -6609.83 -5766.81
21 1 7 1 72 6 1 21 0 3 1 -6628.51 -5728.75
20 1 7 1 72 6 1 20 0 3 1 -6610.57 -5698.27
19 1 7 1 72 6 1 19 0 3 1 -6625.36 -5644.57
18 1 7 1 72 6 1 18 0 3 1 -6622.18 -5594.63
17 1 7 1 72 6 1 17 0 3 1 -6605.42 -5557.03
16 1 7 1 72 6 1 16 0 3 1 -6392.30 -5557.03
15 1 7 1 72 6 1 15 0 3 1 -6612.64 -5557.03
14 1 7 1 72 6 1 14 0 3 1 -6605.44 -5557.03
13 1 7 1 72 6 1 13 0 3 1 -6596.37 -5557.03
12 1 7 1 72 6 1 12 0 3 1 -6596.61 -5557.03
11 1 7 1 72 6 1 11 0 3 1 -6598.16 -5557.03
10 1 7 1 72 6 1 10 0 3 1 -6590.48 -5557.03
9 1 7 1 72 6 1 9 0 3 1 -6576.64 -5557.03
8 1 7 1 72 6 1 8 0 3 1 -6509.66 -5557.03
7 1 7 1 72 6 1 7 0 3 1 -6412.78 -5557.03
6 1 7 1 72 6 1 6 0 3 1 -6517.35 -5557.03
5 1 7 1 72 6 1 5 0 3 1 -6491.43 -5557.03
4 1 7 1 72 6 1 4 0 3 1 -6388.57 -5557.03
3 1 7 1 72 6 1 3 0 3 1 -6129.44 -5557.03
0 1 7 1 72 6 1 1 0 3 1 -5430.74 -5557.03
