KB MULADD LAT PREF NB MU NU KU FFTCH IFTCH NFTCH GEN-MFLOP SPC-MFLOP
54 1 7 1 54 6 1 54 0 3 3 -6475.07 -5555.95
53 1 7 1 54 6 1 53 0 3 3 -6472.35 -5508.34
52 1 7 1 54 6 1 52 0 3 3 -6464.75 -5566.82
51 1 7 1 54 6 1 51 0 3 3 -6463.06 -5583.56
50 1 7 1 54 6 1 50 0 3 3 -6460.36 -5665.61
49 1 7 1 54 6 1 49 0 3 3 -6448.79 -5650.13
48 1 7 1 54 6 1 48 0 3 3 -6313.32 -5616.04
47 1 7 1 54 6 1 47 0 3 3 -6435.57 -5384.52
46 1 7 1 54 6 1 46 0 3 3 -6445.12 -5384.52
45 1 7 1 54 6 1 45 0 3 3 -6417.31 -5384.52
44 1 7 1 54 6 1 44 0 3 3 -6425.00 -5384.52
43 1 7 1 54 6 1 43 0 3 3 -6407.21 -5384.52
42 1 7 1 54 6 1 42 0 3 3 -6418.14 -5384.52
41 1 7 1 54 6 1 41 0 3 3 -6376.27 -5384.52
40 1 7 1 54 6 1 40 0 3 3 -6276.27 -5384.52
39 1 7 1 54 6 1 39 0 3 3 -6385.04 -5384.52
38 1 7 1 54 6 1 38 0 3 3 -6391.25 -5384.52
37 1 7 1 54 6 1 37 0 3 3 -6362.88 -5384.52
36 1 7 1 54 6 1 36 0 3 3 -6396.82 -5384.52
35 1 7 1 54 6 1 35 0 3 3 -6379.01 -5384.52
34 1 7 1 54 6 1 34 0 3 3 -6411.52 -5384.52
33 1 7 1 54 6 1 33 0 3 3 -6371.05 -5384.52
32 1 7 1 54 6 1 32 0 3 3 -6229.41 -5384.52
31 1 7 1 54 6 1 31 0 3 3 -6373.86 -5384.52
30 1 7 1 54 6 1 30 0 3 3 -6392.65 -5384.52
29 1 7 1 54 6 1 29 0 3 3 -6370.06 -5384.52
28 1 7 1 54 6 1 28 0 3 3 -6398.41 -5384.52
27 1 7 1 54 6 1 27 0 3 3 -6374.23 -5384.52
26 1 7 1 54 6 1 26 0 3 3 -6367.23 -5384.52
25 1 7 1 54 6 1 25 0 3 3 -6355.98 -5384.52
24 1 7 1 54 6 1 24 0 3 3 -6239.01 -5384.52
23 1 7 1 54 6 1 23 0 3 3 -6345.63 -5384.52
22 1 7 1 54 6 1 22 0 3 3 -6356.54 -5384.52
21 1 7 1 54 6 1 21 0 3 3 -6328.79 -5384.52
20 1 7 1 54 6 1 20 0 3 3 -6339.48 -5384.52
19 1 7 1 54 6 1 19 0 3 3 -6317.47 -5384.52
18 1 7 1 54 6 1 18 0 3 3 -6333.58 -5384.52
17 1 7 1 54 6 1 17 0 3 3 -6304.82 -5384.52
16 1 7 1 54 6 1 16 0 3 3 -6136.54 -5384.52
15 1 7 1 54 6 1 15 0 3 3 -6242.88 -5384.52
14 1 7 1 54 6 1 14 0 3 3 -6232.65 -5384.52
13 1 7 1 54 6 1 13 0 3 3 -6219.75 -5384.52
12 1 7 1 54 6 1 12 0 3 3 -6172.46 -5384.52
11 1 7 1 54 6 1 11 0 3 3 -6127.86 -5384.52
10 1 7 1 54 6 1 10 0 3 3 -6091.61 -5384.52
9 1 7 1 54 6 1 9 0 3 3 -6032.40 -5384.52
8 1 7 1 54 6 1 8 0 3 3 -5803.26 -5384.52
7 1 7 1 54 6 1 7 0 3 3 -5877.81 -5384.52
6 1 7 1 54 6 1 6 0 3 3 -5511.81 -5384.52
0 1 7 1 54 6 1 1 0 3 3 -5374.52 -5384.52
